for draping robot - iiwa14 (ip 192.168.10.114)

part_points = 
[285.78,0,46.74;
285.78,571.50,46.74;
571.57,571.50,13.61;
571.57,0,13.61]

robot_points = 
[581.79,265.69,58.80;
597.58,-307.83,58.16;
304.69,-313.46,25.66;
294.82,260.04,23.55]

rob_T_part =
[-0.9998    0.0217   -0.0009  867.1061;
 -0.0217   -0.9998    0.0012  271.0798;
 -0.0009    0.0012    1.0000   11.3983;
       0         0         0    1.0000]

----------------------------------------------------

for grasping robot 1 - iiwa7 (ip 192.168.10.116)

part_points = 
[285.78,571.50,46.74;
0,571.50,46.74;
0,285.75,112.05;
200,571.50,46.74]

robot_points = 
[539.50,-258.92,53.14;
259.21,-260.73,50.26;
262.77,-550.49,116;
461.70,-258.92,51.78]

rob_T_part = 
[0.9998   -0.0162   -0.0077  267.9295;
 0.0161    0.9999   -0.0014 -834.1317;
 0.0077    0.0013    1.0000    3.1413;
	  0         0         0    1.0000]

----------------------------------------------------

for grasping robot 2 - iiwa7 (ip 192.168.10.118)

part_points = 
[285.78,0,46.74;
0,285.75,112.05;
0,100,46.74;
200,0,46.74]

robot_points = 
[613.88,180.98,54.28;
336.01,468.39,115.77;
333.14,285.36,48.70;
533.77,182.81,52.77]

rob_T_part = 
[0.9996    0.0165   -0.0239  332.7250;
-0.0167    0.9998   -0.0111  185.7006;
 0.0237    0.0115    0.9997    0.8454;
      0         0         0    1.0000]

----------------------------------------------------

Matching the world coordinate frame with draping robot base frame
for tranformation between iiwa14(...114) and iiwa7(...116)

iiwa14(...114) points = 
[591.78,6.82,616.72;
562.18,4.93,412.93;
565.33,-222.29,400.45;
445.92,-384.30,389.87;
700.46,-271.23,491.98;
674.25,105.12,412.69]

iiwa7(...116) points = 
[533.25,-571.97,612.06;
564.72,-571.92,408.60;
564.71,-345.17,394.42;
687.55,-184.13,384.51;
431.70,-293.51,482.44;
452.77,-669.72,406.49]

iiwa14_T_iiwa7(for ...116) =
[-0.9997	0.0141		-0.0149		1141.9163;
-0.0142	   -0.9998		 0.0067		-561.5266;
-0.0148		0.0069		 0.9998		  17.1720;
	  0			 0		 	  0		  	    1]

[-1.0000	 0.0055		-0.0085		1139.6658;
-0.0055		-0.9999		-0.0002		-561.5428;
-0.0085		-0.0002		 0.9999		  10.3611;
	  0			  0			  0				1]

for tranformation between iiwa14(...114) and iiwa7(...118)
iiwa14(...114) points = 
[555.07,139.99,383.46;
457.89,102.82,226.07;
471.34,101.68,470.60;
667.41,101.69,580.83;
667.35,211.94,718.28;
483.90,212.11,576.51]

iiwa7(...118) points = 
[641.93,300.18,378.58;
742.95,334.89,222.60;
725.72,336.16,466.75;
529.19,341.81,573.71;
523.78,231.39,710.60;
707.54,225.62,573.45]

iiwa14_T_iiwa7(for ...118) =
[-0.9994	 0.0311	 	-0.0146		1193.2178;
-0.0311		-0.9995	 	-0.0020	 	 461.0043;
-0.0146		-0.0015	  	 0.9998	  	  14.9926;
	  0			  0		   	  0	  			1]

[-0.9989	 0.0384		-0.0243		1192.3681;
-0.03814	-0.9992		-0.0108		 469.3418;
-0.02476	-0.0098		 0.9995		  20.6296;
	   0		  0			  0				1]