530.41,-26.975,147.01,-0.95966,0,0.28116,-0.031724,0.99361,-0.10828,-0.27936,-0.11283,-0.95353
530.08,-27.351,147.15,-0.95966,0,0.28116,-0.031724,0.99361,-0.10828,-0.27936,-0.11283,-0.95353
529.75,-27.728,147.28,-0.95966,0,0.28116,-0.031724,0.99361,-0.10828,-0.27936,-0.11283,-0.95353
529.42,-28.104,147.42,-0.95966,0,0.28116,-0.031724,0.99361,-0.10828,-0.27936,-0.11283,-0.95353
529.09,-28.481,147.55,-0.95966,0,0.28116,-0.031724,0.99361,-0.10828,-0.27936,-0.11283,-0.95353
528.76,-28.858,147.69,-0.95966,0,0.28116,-0.031724,0.99361,-0.10828,-0.27936,-0.11283,-0.95353
528.43,-29.234,147.82,-0.95966,0,0.28116,-0.031724,0.99361,-0.10828,-0.27936,-0.11283,-0.95353
528.1,-29.611,147.95,-0.95966,0,0.28116,-0.031724,0.99361,-0.10828,-0.27936,-0.11283,-0.95353
527.77,-29.987,148.09,-0.95966,0,0.28116,-0.031724,0.99361,-0.10828,-0.27936,-0.11283,-0.95353
527.45,-30.364,148.22,-0.95966,0,0.28116,-0.031724,0.99361,-0.10828,-0.27936,-0.11283,-0.95353
527.12,-30.74,148.36,-0.95966,0,0.28116,-0.031724,0.99361,-0.10828,-0.27936,-0.11283,-0.95353
526.79,-31.117,148.49,-0.95966,0,0.28116,-0.031724,0.99361,-0.10828,-0.27936,-0.11283,-0.95353
526.46,-31.494,148.62,-0.95966,0,0.28116,-0.031724,0.99361,-0.10828,-0.27936,-0.11283,-0.95353
526.13,-31.87,148.76,-0.95966,0,0.28116,-0.031724,0.99361,-0.10828,-0.27936,-0.11283,-0.95353
525.8,-32.247,148.89,-0.96153,0,0.27469,-0.022909,0.99652,-0.080188,-0.27374,-0.083397,-0.95818
525.47,-32.623,149.03,-0.96017,0,0.27941,-0.0066518,0.99972,-0.022858,-0.27933,-0.023806,-0.9599
525.14,-33,149.12,-0.96017,0,0.27941,-0.0066518,0.99972,-0.022858,-0.27933,-0.023806,-0.9599
524.81,-33.377,149.22,-0.96067,0,0.27769,-0.0066195,0.99972,-0.0229,-0.27761,-0.023838,-0.9604
524.48,-33.753,149.32,-0.96067,0,0.27769,-0.0066195,0.99972,-0.0229,-0.27761,-0.023838,-0.9604
524.16,-34.13,149.42,-0.96067,0,0.27769,-0.0066195,0.99972,-0.0229,-0.27761,-0.023838,-0.9604
523.83,-34.506,149.52,-0.96067,0,0.27769,-0.0066195,0.99972,-0.0229,-0.27761,-0.023838,-0.9604
523.5,-34.883,149.62,-0.96067,0,0.27769,-0.0066195,0.99972,-0.0229,-0.27761,-0.023838,-0.9604
523.17,-35.26,149.72,-0.96067,0,0.27769,-0.0066195,0.99972,-0.0229,-0.27761,-0.023838,-0.9604
522.84,-35.636,149.82,-0.96067,0,0.27769,-0.0066195,0.99972,-0.0229,-0.27761,-0.023838,-0.9604
522.51,-36.013,149.92,-0.96067,0,0.27769,-0.0066195,0.99972,-0.0229,-0.27761,-0.023838,-0.9604
522.18,-36.389,150.02,-0.96067,0,0.27769,-0.0066195,0.99972,-0.0229,-0.27761,-0.023838,-0.9604
521.85,-36.766,150.12,-0.96067,0,0.27769,-0.0066195,0.99972,-0.0229,-0.27761,-0.023838,-0.9604
521.52,-37.142,150.22,-0.96067,0,0.27769,-0.0066195,0.99972,-0.0229,-0.27761,-0.023838,-0.9604
521.2,-37.519,150.31,-0.96067,0,0.27769,-0.0066195,0.99972,-0.0229,-0.27761,-0.023838,-0.9604
520.87,-37.896,150.41,-0.96067,0,0.27769,-0.0066195,0.99972,-0.0229,-0.27761,-0.023838,-0.9604
520.54,-38.272,150.51,-0.96067,0,0.27769,-0.0066195,0.99972,-0.0229,-0.27761,-0.023838,-0.9604
520.21,-38.649,150.61,-0.96067,0,0.27769,-0.0066195,0.99972,-0.0229,-0.27761,-0.023838,-0.9604
519.88,-39.025,150.71,-0.96067,0,0.27769,-0.0066195,0.99972,-0.0229,-0.27761,-0.023838,-0.9604
519.55,-39.402,150.81,-0.96067,0,0.27769,-0.0066195,0.99972,-0.0229,-0.27761,-0.023838,-0.9604
519.22,-39.779,150.91,-0.96278,0,0.27027,0.0016401,0.99998,0.0058425,-0.27026,0.0060683,-0.96277
518.89,-40.155,151.01,-0.96278,0,0.27027,0.0016401,0.99998,0.0058425,-0.27026,0.0060683,-0.96277
518.56,-40.532,151.11,-0.96278,0,0.27027,0.0016401,0.99998,0.0058425,-0.27026,0.0060683,-0.96277
518.24,-40.908,151.21,-0.96278,0,0.27027,0.0016401,0.99998,0.0058425,-0.27026,0.0060683,-0.96277
517.91,-41.285,151.31,-0.96278,0,0.27027,0.0016401,0.99998,0.0058425,-0.27026,0.0060683,-0.96277
517.58,-41.662,151.37,-0.96052,0,0.2782,0.018256,0.99784,0.063032,-0.2776,0.065622,-0.95845
517.25,-42.038,151.44,-0.96052,0,0.2782,0.018256,0.99784,0.063032,-0.2776,0.065622,-0.95845
516.92,-42.415,151.5,-0.96052,0,0.2782,0.018256,0.99784,0.063032,-0.2776,0.065622,-0.95845
516.59,-42.791,151.56,-0.96052,0,0.2782,0.018256,0.99784,0.063032,-0.2776,0.065622,-0.95845
516.26,-43.168,151.63,-0.96052,0,0.2782,0.018256,0.99784,0.063032,-0.2776,0.065622,-0.95845
515.93,-43.544,151.69,-0.96052,0,0.2782,0.018256,0.99784,0.063032,-0.2776,0.065622,-0.95845
515.6,-43.921,151.76,-0.96052,0,0.2782,0.018256,0.99784,0.063032,-0.2776,0.065622,-0.95845
515.28,-44.298,151.82,-0.96052,0,0.2782,0.018256,0.99784,0.063032,-0.2776,0.065622,-0.95845
514.95,-44.674,151.89,-0.96052,0,0.2782,0.018256,0.99784,0.063032,-0.2776,0.065622,-0.95845
514.62,-45.051,151.95,-0.96052,0,0.2782,0.018256,0.99784,0.063032,-0.2776,0.065622,-0.95845
514.29,-45.427,152.02,-0.96052,0,0.2782,0.018256,0.99784,0.063032,-0.2776,0.065622,-0.95845
513.96,-45.804,152.08,-0.96052,0,0.2782,0.018256,0.99784,0.063032,-0.2776,0.065622,-0.95845
513.63,-46.181,152.14,-0.96052,0,0.2782,0.018256,0.99784,0.063032,-0.2776,0.065622,-0.95845
513.3,-46.557,152.21,-0.96244,0,0.2715,0.025929,0.99543,0.091918,-0.27026,0.095505,-0.95804
512.97,-46.934,152.27,-0.96244,0,0.2715,0.025929,0.99543,0.091918,-0.27026,0.095505,-0.95804
512.64,-47.31,152.34,-0.96244,0,0.2715,0.025929,0.99543,0.091918,-0.27026,0.095505,-0.95804
512.32,-47.687,152.4,-0.96244,0,0.2715,0.025929,0.99543,0.091918,-0.27026,0.095505,-0.95804
511.99,-48.064,152.47,-0.96244,0,0.2715,0.025929,0.99543,0.091918,-0.27026,0.095505,-0.95804
511.66,-48.44,152.53,-0.96244,0,0.2715,0.025929,0.99543,0.091918,-0.27026,0.095505,-0.95804
511.33,-48.817,152.6,-0.96244,0,0.2715,0.025929,0.99543,0.091918,-0.27026,0.095505,-0.95804
511,-49.193,152.66,-0.96244,0,0.2715,0.025929,0.99543,0.091918,-0.27026,0.095505,-0.95804
510.67,-49.57,152.72,-0.96244,0,0.2715,0.025929,0.99543,0.091918,-0.27026,0.095505,-0.95804
510.34,-49.946,152.79,-0.96244,0,0.2715,0.025929,0.99543,0.091918,-0.27026,0.095505,-0.95804
510.01,-50.323,152.85,-0.95972,0,0.28095,0.043292,0.98806,0.14788,-0.2776,0.15409,-0.94826
509.68,-50.7,152.88,-0.95972,0,0.28095,0.043292,0.98806,0.14788,-0.2776,0.15409,-0.94826
509.36,-51.076,152.91,-0.95972,0,0.28095,0.043292,0.98806,0.14788,-0.2776,0.15409,-0.94826
509.03,-51.453,152.94,-0.95972,0,0.28095,0.043292,0.98806,0.14788,-0.2776,0.15409,-0.94826
508.7,-51.829,152.97,-0.95972,0,0.28095,0.043292,0.98806,0.14788,-0.2776,0.15409,-0.94826
508.37,-52.206,153,-0.95972,0,0.28095,0.043292,0.98806,0.14788,-0.2776,0.15409,-0.94826
508.04,-52.583,153.03,-0.95972,0,0.28095,0.043292,0.98806,0.14788,-0.2776,0.15409,-0.94826
507.71,-52.959,153.06,-0.95972,0,0.28095,0.043292,0.98806,0.14788,-0.2776,0.15409,-0.94826
507.38,-53.336,153.09,-0.95972,0,0.28095,0.043292,0.98806,0.14788,-0.2776,0.15409,-0.94826
507.05,-53.712,153.12,-0.96146,0,0.27494,0.050484,0.983,0.17654,-0.27026,0.18362,-0.94511
506.72,-54.089,153.15,-0.96146,0,0.27494,0.050484,0.983,0.17654,-0.27026,0.18362,-0.94511
506.39,-54.466,153.18,-0.96146,0,0.27494,0.050484,0.983,0.17654,-0.27026,0.18362,-0.94511
506.07,-54.842,153.21,-0.96146,0,0.27494,0.050484,0.983,0.17654,-0.27026,0.18362,-0.94511
505.74,-55.219,153.24,-0.96146,0,0.27494,0.050484,0.983,0.17654,-0.27026,0.18362,-0.94511
505.41,-55.595,153.27,-0.96146,0,0.27494,0.050484,0.983,0.17654,-0.27026,0.18362,-0.94511
505.08,-55.972,153.3,-0.96146,0,0.27494,0.050484,0.983,0.17654,-0.27026,0.18362,-0.94511
504.75,-56.348,153.33,-0.96146,0,0.27494,0.050484,0.983,0.17654,-0.27026,0.18362,-0.94511
504.42,-56.725,153.36,-0.96146,0,0.27494,0.050484,0.983,0.17654,-0.27026,0.18362,-0.94511
504.09,-57.102,153.39,-0.96146,0,0.27494,0.050484,0.983,0.17654,-0.27026,0.18362,-0.94511
503.76,-57.478,153.42,-0.96146,0,0.27494,0.050484,0.983,0.17654,-0.27026,0.18362,-0.94511
421.81,165.69,55.965,-0.9997,0,-0.024692,6.3546e-05,1,-0.0025728,0.024692,-0.0025736,-0.99969
422.03,165.24,55.973,-0.9997,0,-0.024692,6.3546e-05,1,-0.0025728,0.024692,-0.0025736,-0.99969
422.25,164.8,55.98,-0.9997,0,-0.024692,6.3546e-05,1,-0.0025728,0.024692,-0.0025736,-0.99969
422.47,164.35,55.987,-0.9997,0,-0.024692,6.3546e-05,1,-0.0025728,0.024692,-0.0025736,-0.99969
422.7,163.9,55.994,-0.9997,0,-0.024692,6.3546e-05,1,-0.0025728,0.024692,-0.0025736,-0.99969
422.92,163.45,56.001,-0.9997,0,-0.024692,6.3546e-05,1,-0.0025728,0.024692,-0.0025736,-0.99969
423.14,163,56.008,-0.9997,0,-0.024692,6.3546e-05,1,-0.0025728,0.024692,-0.0025736,-0.99969
423.36,162.55,56.015,-0.9997,0,-0.024692,6.3546e-05,1,-0.0025728,0.024692,-0.0025736,-0.99969
423.58,162.11,56.023,-0.9997,0,-0.024692,6.3546e-05,1,-0.0025728,0.024692,-0.0025736,-0.99969
423.8,161.66,56.03,-0.9997,0,-0.024692,6.3546e-05,1,-0.0025728,0.024692,-0.0025736,-0.99969
424.02,161.21,56.037,-0.9997,0,-0.024692,6.3546e-05,1,-0.0025728,0.024692,-0.0025736,-0.99969
424.24,160.76,56.044,-0.9997,0,-0.024692,6.3546e-05,1,-0.0025728,0.024692,-0.0025736,-0.99969
424.46,160.31,56.051,-0.9997,0,-0.024692,6.3546e-05,1,-0.0025728,0.024692,-0.0025736,-0.99969
424.68,159.86,56.058,-0.9997,0,-0.024692,6.3546e-05,1,-0.0025728,0.024692,-0.0025736,-0.99969
424.91,159.41,56.065,-0.9997,0,-0.024692,6.3546e-05,1,-0.0025728,0.024692,-0.0025736,-0.99969
425.13,158.97,56.073,-0.9997,0,-0.024692,6.3546e-05,1,-0.0025728,0.024692,-0.0025736,-0.99969
425.35,158.52,56.08,-0.9997,0,-0.024692,6.3546e-05,1,-0.0025728,0.024692,-0.0025736,-0.99969
425.57,158.07,56.087,-0.9997,0,-0.024692,6.3546e-05,1,-0.0025728,0.024692,-0.0025736,-0.99969
425.79,157.62,56.094,-0.9997,0,-0.024692,6.3546e-05,1,-0.0025728,0.024692,-0.0025736,-0.99969
426.01,157.17,56.101,-0.9997,0,-0.024692,6.3546e-05,1,-0.0025728,0.024692,-0.0025736,-0.99969
426.23,156.72,56.108,-0.9997,0,-0.024692,6.3546e-05,1,-0.0025728,0.024692,-0.0025736,-0.99969
426.45,156.28,56.115,-0.9997,0,-0.024692,6.3546e-05,1,-0.0025728,0.024692,-0.0025736,-0.99969
426.67,155.83,56.123,-0.9997,0,-0.024692,6.3546e-05,1,-0.0025728,0.024692,-0.0025736,-0.99969
426.9,155.38,56.13,-0.9997,0,-0.024692,6.3546e-05,1,-0.0025728,0.024692,-0.0025736,-0.99969
427.12,154.93,56.135,-0.99987,0,-0.015861,4.0798e-05,1,-0.0025719,0.015861,-0.0025722,-0.99987
427.34,154.48,56.139,-0.99987,0,-0.015861,4.0798e-05,1,-0.0025719,0.015861,-0.0025722,-0.99987
427.56,154.03,56.143,-0.99987,0,-0.015861,4.0798e-05,1,-0.0025719,0.015861,-0.0025722,-0.99987
427.78,153.58,56.148,-0.99987,0,-0.015861,4.0798e-05,1,-0.0025719,0.015861,-0.0025722,-0.99987
428,153.14,56.152,-0.99987,0,-0.015861,4.0798e-05,1,-0.0025719,0.015861,-0.0025722,-0.99987
428.22,152.69,56.157,-0.99987,0,-0.015861,4.0798e-05,1,-0.0025719,0.015861,-0.0025722,-0.99987
428.44,152.24,56.161,-0.99987,0,-0.015861,4.0798e-05,1,-0.0025719,0.015861,-0.0025722,-0.99987
428.66,151.79,56.165,-0.99987,0,-0.015861,4.0798e-05,1,-0.0025719,0.015861,-0.0025722,-0.99987
428.89,151.34,56.17,-0.99987,0,-0.015861,4.0798e-05,1,-0.0025719,0.015861,-0.0025722,-0.99987
429.11,150.89,56.174,-0.99987,0,-0.015861,4.0798e-05,1,-0.0025719,0.015861,-0.0025722,-0.99987
429.33,150.44,56.179,-0.99987,0,-0.015861,4.0798e-05,1,-0.0025719,0.015861,-0.0025722,-0.99987
429.55,150,56.183,-0.99987,0,-0.015861,4.0798e-05,1,-0.0025719,0.015861,-0.0025722,-0.99987
429.77,149.55,56.187,-0.99987,0,-0.015861,4.0798e-05,1,-0.0025719,0.015861,-0.0025722,-0.99987
429.99,149.1,56.192,-0.99987,0,-0.015861,4.0798e-05,1,-0.0025719,0.015861,-0.0025722,-0.99987
430.21,148.65,56.196,-0.99987,0,-0.015861,4.0798e-05,1,-0.0025719,0.015861,-0.0025722,-0.99987
430.43,148.2,56.2,-0.99987,0,-0.015861,4.0798e-05,1,-0.0025719,0.015861,-0.0025722,-0.99987
430.65,147.75,56.205,-0.99987,0,-0.015861,4.0798e-05,1,-0.0025719,0.015861,-0.0025722,-0.99987
430.88,147.31,56.209,-0.99987,0,-0.015861,4.0798e-05,1,-0.0025719,0.015861,-0.0025722,-0.99987
431.1,146.86,56.214,-0.99987,0,-0.015861,4.0798e-05,1,-0.0025719,0.015861,-0.0025722,-0.99987
431.32,146.41,56.218,-0.99987,0,-0.015861,4.0798e-05,1,-0.0025719,0.015861,-0.0025722,-0.99987
431.54,145.96,56.222,-0.99987,0,-0.015861,4.0798e-05,1,-0.0025719,0.015861,-0.0025722,-0.99987
431.76,145.51,56.227,-0.99987,0,-0.015861,4.0798e-05,1,-0.0025719,0.015861,-0.0025722,-0.99987
431.98,145.06,56.231,-0.99987,0,-0.015861,4.0798e-05,1,-0.0025719,0.015861,-0.0025722,-0.99987
432.2,144.61,56.236,-0.99987,0,-0.015861,4.0798e-05,1,-0.0025719,0.015861,-0.0025722,-0.99987
432.42,144.17,56.24,-0.99987,0,-0.015861,4.0798e-05,1,-0.0025719,0.015861,-0.0025722,-0.99987
432.64,143.72,56.244,-0.99987,0,-0.015861,4.0798e-05,1,-0.0025719,0.015861,-0.0025722,-0.99987
432.86,143.27,56.249,-0.99987,0,-0.015861,4.0798e-05,1,-0.0025719,0.015861,-0.0025722,-0.99987
433.09,142.82,56.253,-0.99987,0,-0.015861,4.0798e-05,1,-0.0025719,0.015861,-0.0025722,-0.99987
433.31,142.37,56.258,-0.99987,0,-0.015861,4.0798e-05,1,-0.0025719,0.015861,-0.0025722,-0.99987
433.53,141.92,56.262,-0.99987,0,-0.015861,4.0798e-05,1,-0.0025719,0.015861,-0.0025722,-0.99987
433.75,141.48,56.266,-0.99987,0,-0.015861,4.0798e-05,1,-0.0025719,0.015861,-0.0025722,-0.99987
433.97,141.03,56.271,-0.99987,0,-0.015861,4.0798e-05,1,-0.0025719,0.015861,-0.0025722,-0.99987
434.19,140.58,56.275,-0.99987,0,-0.015861,4.0798e-05,1,-0.0025719,0.015861,-0.0025722,-0.99987
434.41,140.13,56.279,-0.99987,0,-0.015861,4.0798e-05,1,-0.0025719,0.015861,-0.0025722,-0.99987
434.63,139.68,56.284,-0.99987,0,-0.015861,4.0798e-05,1,-0.0025719,0.015861,-0.0025722,-0.99987
434.85,139.23,56.288,-0.99987,0,-0.015861,4.0798e-05,1,-0.0025719,0.015861,-0.0025722,-0.99987
435.08,138.78,56.293,-0.99987,0,-0.015861,4.0798e-05,1,-0.0025719,0.015861,-0.0025722,-0.99987
435.3,138.34,56.297,-0.99987,0,-0.015861,4.0798e-05,1,-0.0025719,0.015861,-0.0025722,-0.99987
435.52,137.89,56.301,-0.99987,0,-0.015861,4.0798e-05,1,-0.0025719,0.015861,-0.0025722,-0.99987
435.74,137.44,56.306,-0.99987,0,-0.015861,4.0798e-05,1,-0.0025719,0.015861,-0.0025722,-0.99987
435.96,136.99,56.31,-0.99987,0,-0.015861,4.0798e-05,1,-0.0025719,0.015861,-0.0025722,-0.99987
436.18,136.54,56.315,-0.99987,0,-0.015861,4.0798e-05,1,-0.0025719,0.015861,-0.0025722,-0.99987
436.4,136.09,56.319,-0.99987,0,-0.015861,4.0798e-05,1,-0.0025719,0.015861,-0.0025722,-0.99987
436.62,135.65,56.323,-0.99987,0,-0.015861,4.0798e-05,1,-0.0025719,0.015861,-0.0025722,-0.99987
436.84,135.2,56.327,-0.99998,0,-0.0070291,1.8069e-05,1,-0.0025706,0.0070291,-0.0025706,-0.99997
437.07,134.75,56.33,-0.99998,0,-0.0070291,1.8069e-05,1,-0.0025706,0.0070291,-0.0025706,-0.99997
437.29,134.3,56.333,-0.99998,0,-0.0070291,1.8069e-05,1,-0.0025706,0.0070291,-0.0025706,-0.99997
437.51,133.85,56.336,-0.99998,0,-0.0070291,1.8069e-05,1,-0.0025706,0.0070291,-0.0025706,-0.99997
437.73,133.4,56.339,-0.99998,0,-0.0070291,1.8069e-05,1,-0.0025706,0.0070291,-0.0025706,-0.99997
437.95,132.95,56.342,-0.99998,0,-0.0070291,1.8069e-05,1,-0.0025706,0.0070291,-0.0025706,-0.99997
438.17,132.51,56.345,-0.99998,0,-0.0070291,1.8069e-05,1,-0.0025706,0.0070291,-0.0025706,-0.99997
438.39,132.06,56.348,-0.99998,0,-0.0070291,1.8069e-05,1,-0.0025706,0.0070291,-0.0025706,-0.99997
438.61,131.61,56.351,-0.99998,0,-0.0070291,1.8069e-05,1,-0.0025706,0.0070291,-0.0025706,-0.99997
438.83,131.16,56.354,-0.99998,0,-0.0070291,1.8069e-05,1,-0.0025706,0.0070291,-0.0025706,-0.99997
439.05,130.71,56.357,-0.99998,0,-0.0070291,1.8069e-05,1,-0.0025706,0.0070291,-0.0025706,-0.99997
439.28,130.26,56.36,-0.99998,0,-0.0070291,1.8069e-05,1,-0.0025706,0.0070291,-0.0025706,-0.99997
439.5,129.82,56.363,-0.99998,0,-0.0070291,1.8069e-05,1,-0.0025706,0.0070291,-0.0025706,-0.99997
439.72,129.37,56.366,-0.99998,0,-0.0070291,1.8069e-05,1,-0.0025706,0.0070291,-0.0025706,-0.99997
484.17,127.16,56.585,-1,0,-0.0023727,6.0973e-06,1,-0.0025697,0.0023727,-0.0025697,-0.99999
484.28,126.67,56.587,-1,0,-0.0023727,6.0973e-06,1,-0.0025697,0.0023727,-0.0025697,-0.99999
484.39,126.18,56.588,-1,0,-0.0023727,6.0973e-06,1,-0.0025697,0.0023727,-0.0025697,-0.99999
484.5,125.7,56.59,-1,0,-0.0023727,6.0973e-06,1,-0.0025697,0.0023727,-0.0025697,-0.99999
484.61,125.21,56.592,-1,0,-0.0023727,6.0973e-06,1,-0.0025697,0.0023727,-0.0025697,-0.99999
484.72,124.72,56.593,-1,0,-0.0023727,6.0973e-06,1,-0.0025697,0.0023727,-0.0025697,-0.99999
484.83,124.23,56.595,-1,0,-0.0023727,6.0973e-06,1,-0.0025697,0.0023727,-0.0025697,-0.99999
484.95,123.75,56.596,-1,0,-0.0023727,6.0973e-06,1,-0.0025697,0.0023727,-0.0025697,-0.99999
485.06,123.26,56.598,-1,0,-0.0023727,6.0973e-06,1,-0.0025697,0.0023727,-0.0025697,-0.99999
485.17,122.77,56.599,-1,0,-0.0023727,6.0973e-06,1,-0.0025697,0.0023727,-0.0025697,-0.99999
485.28,122.29,56.601,-1,0,-0.0023727,6.0973e-06,1,-0.0025697,0.0023727,-0.0025697,-0.99999
485.39,121.8,56.602,-1,0,-0.0023727,6.0973e-06,1,-0.0025697,0.0023727,-0.0025697,-0.99999
485.5,121.31,56.604,-1,0,-0.0023727,6.0973e-06,1,-0.0025697,0.0023727,-0.0025697,-0.99999
485.61,120.82,56.605,-1,0,-0.0023727,6.0973e-06,1,-0.0025697,0.0023727,-0.0025697,-0.99999
485.73,120.34,56.607,-1,0,-0.0023727,6.0973e-06,1,-0.0025697,0.0023727,-0.0025697,-0.99999
485.84,119.85,56.608,-1,0,-0.0023727,6.0973e-06,1,-0.0025697,0.0023727,-0.0025697,-0.99999
485.95,119.36,56.61,-1,0,-0.0023727,6.0973e-06,1,-0.0025697,0.0023727,-0.0025697,-0.99999
486.06,118.87,56.611,-1,0,-0.0023727,6.0973e-06,1,-0.0025697,0.0023727,-0.0025697,-0.99999
486.17,118.39,56.613,-1,0,-0.0023727,6.0973e-06,1,-0.0025697,0.0023727,-0.0025697,-0.99999
486.28,117.9,56.614,-1,0,-0.0023727,6.0973e-06,1,-0.0025697,0.0023727,-0.0025697,-0.99999
486.39,117.41,56.616,-1,0,-0.0023727,6.0973e-06,1,-0.0025697,0.0023727,-0.0025697,-0.99999
486.51,116.92,56.617,-1,0,-0.0023727,6.0973e-06,1,-0.0025697,0.0023727,-0.0025697,-0.99999
486.62,116.44,56.619,-1,0,-0.0023727,6.0973e-06,1,-0.0025697,0.0023727,-0.0025697,-0.99999
486.73,115.95,56.62,-1,0,-0.0023727,6.0973e-06,1,-0.0025697,0.0023727,-0.0025697,-0.99999
486.84,115.46,56.622,-1,0,-0.0023727,6.0973e-06,1,-0.0025697,0.0023727,-0.0025697,-0.99999
486.95,114.97,56.623,-1,0,-0.0023727,6.0973e-06,1,-0.0025697,0.0023727,-0.0025697,-0.99999
487.06,114.49,56.625,-1,0,-0.0023727,6.0973e-06,1,-0.0025697,0.0023727,-0.0025697,-0.99999
487.18,114,56.626,-1,0,-0.0023727,6.0973e-06,1,-0.0025697,0.0023727,-0.0025697,-0.99999
487.29,113.51,56.628,-1,0,-0.0023727,6.0973e-06,1,-0.0025697,0.0023727,-0.0025697,-0.99999
487.4,113.02,56.629,-1,0,-0.0023727,6.0973e-06,1,-0.0025697,0.0023727,-0.0025697,-0.99999
487.51,112.54,56.631,-1,0,-0.0023727,6.0973e-06,1,-0.0025697,0.0023727,-0.0025697,-0.99999
487.62,112.05,56.632,-1,0,-0.0023727,6.0973e-06,1,-0.0025697,0.0023727,-0.0025697,-0.99999
487.73,111.56,56.634,-1,0,-0.0023727,6.0973e-06,1,-0.0025697,0.0023727,-0.0025697,-0.99999
487.84,111.07,56.635,-1,0,-0.0023727,6.0973e-06,1,-0.0025697,0.0023727,-0.0025697,-0.99999
487.96,110.59,56.637,-1,0,-0.0023727,6.0973e-06,1,-0.0025697,0.0023727,-0.0025697,-0.99999
488.07,110.1,56.639,-1,0,-0.0023727,6.0973e-06,1,-0.0025697,0.0023727,-0.0025697,-0.99999
488.18,109.61,56.64,-1,0,-0.0023727,6.0973e-06,1,-0.0025697,0.0023727,-0.0025697,-0.99999
488.29,109.13,56.642,-1,0,-0.0023727,6.0973e-06,1,-0.0025697,0.0023727,-0.0025697,-0.99999
488.4,108.64,56.643,-1,0,-0.0023727,6.0973e-06,1,-0.0025697,0.0023727,-0.0025697,-0.99999
488.51,108.15,56.645,-1,0,-0.0023727,6.0973e-06,1,-0.0025697,0.0023727,-0.0025697,-0.99999
488.62,107.66,56.667,-1,0,-0.00235,0.0002697,0.99339,-0.11476,0.0023345,-0.11476,-0.99339
488.74,107.18,56.71,-1,0,-0.00235,0.0002697,0.99339,-0.11476,0.0023345,-0.11476,-0.99339
488.85,106.69,56.753,-1,0,-0.00235,0.0002697,0.99339,-0.11476,0.0023345,-0.11476,-0.99339
488.96,106.2,56.796,-1,0,-0.00235,0.0002697,0.99339,-0.11476,0.0023345,-0.11476,-0.99339
489.07,105.71,56.838,-1,0,-0.00235,0.0002697,0.99339,-0.11476,0.0023345,-0.11476,-0.99339
489.18,105.23,56.881,-1,0,-0.00235,0.0002697,0.99339,-0.11476,0.0023345,-0.11476,-0.99339
489.29,104.74,56.958,-1,0,-0.0023147,0.00064767,0.96005,-0.27981,0.0022222,-0.27981,-0.96005
489.41,104.25,57.085,-1,0,-0.0023147,0.00064767,0.96005,-0.27981,0.0022222,-0.27981,-0.96005
489.52,103.76,57.213,-1,0,-0.0023147,0.00064767,0.96005,-0.27981,0.0022222,-0.27981,-0.96005
489.63,103.28,57.34,-1,0,-0.0023147,0.00064767,0.96005,-0.27981,0.0022222,-0.27981,-0.96005
489.74,102.79,57.468,-1,0,-0.0023147,0.00064767,0.96005,-0.27981,0.0022222,-0.27981,-0.96005
489.85,102.3,57.595,-1,0,-0.0023147,0.00064767,0.96005,-0.27981,0.0022222,-0.27981,-0.96005
489.96,101.81,57.765,-1,0,-0.0022756,0.00099427,0.8995,-0.43693,0.0020469,-0.43693,-0.89949
490.07,101.33,57.985,-1,0,-0.0022756,0.00099427,0.8995,-0.43693,0.0020469,-0.43693,-0.89949
490.19,100.84,58.206,-1,0,-0.0022756,0.00099427,0.8995,-0.43693,0.0020469,-0.43693,-0.89949
490.3,100.35,58.426,-1,0,-0.0022756,0.00099427,0.8995,-0.43693,0.0020469,-0.43693,-0.89949
490.41,99.864,58.646,-1,0,-0.0022756,0.00099427,0.8995,-0.43693,0.0020469,-0.43693,-0.89949
490.52,99.377,58.866,-1,0,-0.0022756,0.00099427,0.8995,-0.43693,0.0020469,-0.43693,-0.89949
490.63,98.89,59.179,-1,0,-0.0022295,0.0012968,0.81343,-0.58166,0.0018135,-0.58166,-0.81343
490.74,98.402,59.508,-1,0,-0.0022295,0.0012968,0.81343,-0.58166,0.0018135,-0.58166,-0.81343
490.85,97.915,59.836,-1,0,-0.0022295,0.0012968,0.81343,-0.58166,0.0018135,-0.58166,-0.81343
490.97,97.427,60.165,-1,0,-0.0022295,0.0012968,0.81343,-0.58166,0.0018135,-0.58166,-0.81343
491.08,96.94,60.493,-1,0,-0.0022295,0.0012968,0.81343,-0.58166,0.0018135,-0.58166,-0.81343
491.19,96.453,60.925,-1,0,-0.0021706,0.0015409,0.70431,-0.70989,0.0015288,-0.70989,-0.70431
491.3,95.965,61.39,-1,0,-0.0021706,0.0015409,0.70431,-0.70989,0.0015288,-0.70989,-0.70431
491.41,95.478,61.855,-1,0,-0.0021706,0.0015409,0.70431,-0.70989,0.0015288,-0.70989,-0.70431
491.52,94.99,62.319,-1,0,-0.0021706,0.0015409,0.70431,-0.70989,0.0015288,-0.70989,-0.70431
491.63,94.503,62.79,-1,0,-0.0021484,0.0016014,0.66662,-0.7454,0.0014322,-0.7454,-0.66662
491.75,94.015,63.275,-1,0,-0.0021484,0.0016014,0.66662,-0.7454,0.0014322,-0.7454,-0.66662
491.86,93.528,63.759,-1,0,-0.0021589,0.0015746,0.68415,-0.72934,0.001477,-0.72934,-0.68415
491.97,93.041,64.244,-1,0,-0.0021589,0.0015746,0.68415,-0.72934,0.001477,-0.72934,-0.68415
492.08,92.553,64.728,-1,0,-0.0021589,0.0015746,0.68415,-0.72934,0.001477,-0.72934,-0.68415
492.19,92.066,65.213,-1,0,-0.0021589,0.0015746,0.68415,-0.72934,0.001477,-0.72934,-0.68415
492.3,91.578,65.697,-1,0,-0.0021589,0.0015746,0.68415,-0.72934,0.001477,-0.72934,-0.68415
492.42,91.091,66.182,-1,0,-0.0021589,0.0015746,0.68415,-0.72934,0.001477,-0.72934,-0.68415
492.53,90.604,66.666,-1,0,-0.0021589,0.0015746,0.68415,-0.72934,0.001477,-0.72934,-0.68415
492.64,90.116,67.15,-1,0,-0.0021589,0.0015746,0.68415,-0.72934,0.001477,-0.72934,-0.68415
492.75,89.629,67.635,-1,0,-0.0021589,0.0015746,0.68415,-0.72934,0.001477,-0.72934,-0.68415
492.86,89.141,68.108,-1,0,-0.002178,0.0015174,0.71737,-0.69669,0.0015624,-0.6967,-0.71737
492.97,88.654,68.58,-1,0,-0.002178,0.0015174,0.71737,-0.69669,0.0015624,-0.6967,-0.71737
493.08,88.167,69.052,-1,0,-0.002178,0.0015174,0.71737,-0.69669,0.0015624,-0.6967,-0.71737
493.2,87.679,69.533,-1,0,-0.0021938,0.0014606,0.74614,-0.66579,0.0016369,-0.66579,-0.74614
448.43,-225.25,57.382,-0.99997,0,-0.0073178,1.8812e-05,1,-0.0025706,0.0073178,-0.0025707,-0.99997
448.62,-224.78,57.382,-0.99997,0,-0.0073178,1.8812e-05,1,-0.0025706,0.0073178,-0.0025707,-0.99997
448.8,-224.32,57.383,-0.99997,0,-0.0073178,1.8812e-05,1,-0.0025706,0.0073178,-0.0025707,-0.99997
448.98,-223.85,57.384,-0.99997,0,-0.0073178,1.8812e-05,1,-0.0025706,0.0073178,-0.0025707,-0.99997
449.16,-223.38,57.385,-0.99997,0,-0.0073178,1.8812e-05,1,-0.0025706,0.0073178,-0.0025707,-0.99997
449.34,-222.92,57.385,-0.99999,0,-0.003738,9.6065e-06,1,-0.00257,0.003738,-0.00257,-0.99999
449.52,-222.45,57.385,-0.99999,0,-0.003738,9.6065e-06,1,-0.00257,0.003738,-0.00257,-0.99999
449.7,-221.99,57.385,-0.99999,0,-0.003738,9.6065e-06,1,-0.00257,0.003738,-0.00257,-0.99999
449.88,-221.52,57.384,-0.99999,0,-0.003738,9.6065e-06,1,-0.00257,0.003738,-0.00257,-0.99999
450.07,-221.05,57.384,-0.99999,0,-0.003738,9.6065e-06,1,-0.00257,0.003738,-0.00257,-0.99999
450.25,-220.59,57.383,-0.99999,0,-0.003738,9.6065e-06,1,-0.00257,0.003738,-0.00257,-0.99999
450.43,-220.12,57.383,-0.99999,0,-0.003738,9.6065e-06,1,-0.00257,0.003738,-0.00257,-0.99999
450.61,-219.66,57.382,-0.99999,0,-0.003738,9.6065e-06,1,-0.00257,0.003738,-0.00257,-0.99999
450.79,-219.19,57.382,-0.99999,0,-0.003738,9.6065e-06,1,-0.00257,0.003738,-0.00257,-0.99999
450.97,-218.72,57.382,-0.99999,0,-0.003738,9.6065e-06,1,-0.00257,0.003738,-0.00257,-0.99999
451.15,-218.26,57.381,-0.99999,0,-0.003738,9.6065e-06,1,-0.00257,0.003738,-0.00257,-0.99999
451.33,-217.79,57.381,-0.99999,0,-0.003738,9.6065e-06,1,-0.00257,0.003738,-0.00257,-0.99999
451.52,-217.33,57.38,-0.99999,0,-0.003738,9.6065e-06,1,-0.00257,0.003738,-0.00257,-0.99999
451.7,-216.86,57.38,-0.99999,0,-0.003738,9.6065e-06,1,-0.00257,0.003738,-0.00257,-0.99999
451.88,-216.39,57.379,-0.99999,0,-0.003738,9.6065e-06,1,-0.00257,0.003738,-0.00257,-0.99999
452.06,-215.93,57.379,-0.99999,0,-0.003738,9.6065e-06,1,-0.00257,0.003738,-0.00257,-0.99999
452.24,-215.46,57.378,-0.99999,0,-0.003738,9.6065e-06,1,-0.00257,0.003738,-0.00257,-0.99999
452.42,-215,57.378,-0.99999,0,-0.003738,9.6065e-06,1,-0.00257,0.003738,-0.00257,-0.99999
452.6,-214.53,57.378,-0.99999,0,-0.003738,9.6065e-06,1,-0.00257,0.003738,-0.00257,-0.99999
452.79,-214.06,57.377,-0.99999,0,-0.003738,9.6065e-06,1,-0.00257,0.003738,-0.00257,-0.99999
452.97,-213.6,57.377,-0.99999,0,-0.003738,9.6065e-06,1,-0.00257,0.003738,-0.00257,-0.99999
453.15,-213.13,57.376,-0.99999,0,-0.003738,9.6065e-06,1,-0.00257,0.003738,-0.00257,-0.99999
453.33,-212.67,57.376,-0.99999,0,-0.003738,9.6065e-06,1,-0.00257,0.003738,-0.00257,-0.99999
453.51,-212.2,57.375,-0.99999,0,-0.003738,9.6065e-06,1,-0.00257,0.003738,-0.00257,-0.99999
453.69,-211.73,57.375,-0.99999,0,-0.003738,9.6065e-06,1,-0.00257,0.003738,-0.00257,-0.99999
453.87,-211.27,57.375,-0.99999,0,-0.003738,9.6065e-06,1,-0.00257,0.003738,-0.00257,-0.99999
454.05,-210.8,57.374,-0.99999,0,-0.003738,9.6065e-06,1,-0.00257,0.003738,-0.00257,-0.99999
454.24,-210.34,57.374,-0.99999,0,-0.003738,9.6065e-06,1,-0.00257,0.003738,-0.00257,-0.99999
454.42,-209.87,57.373,-0.99999,0,-0.003738,9.6065e-06,1,-0.00257,0.003738,-0.00257,-0.99999
454.6,-209.4,57.373,-0.99999,0,-0.003738,9.6065e-06,1,-0.00257,0.003738,-0.00257,-0.99999
454.78,-208.94,57.372,-0.99999,0,-0.003738,9.6065e-06,1,-0.00257,0.003738,-0.00257,-0.99999
454.96,-208.47,57.372,-0.99999,0,-0.003738,9.6065e-06,1,-0.00257,0.003738,-0.00257,-0.99999
455.14,-208.01,57.371,-0.99999,0,-0.003738,9.6065e-06,1,-0.00257,0.003738,-0.00257,-0.99999
455.32,-207.54,57.371,-0.99999,0,-0.003738,9.6065e-06,1,-0.00257,0.003738,-0.00257,-0.99999
455.5,-207.07,57.371,-0.99999,0,-0.003738,9.6065e-06,1,-0.00257,0.003738,-0.00257,-0.99999
455.69,-206.61,57.37,-0.99999,0,-0.003738,9.6065e-06,1,-0.00257,0.003738,-0.00257,-0.99999
455.87,-206.14,57.37,-0.99999,0,-0.003738,9.6065e-06,1,-0.00257,0.003738,-0.00257,-0.99999
456.05,-205.68,57.369,-0.99999,0,-0.003738,9.6065e-06,1,-0.00257,0.003738,-0.00257,-0.99999
456.23,-205.21,57.369,-0.99999,0,-0.003738,9.6065e-06,1,-0.00257,0.003738,-0.00257,-0.99999
456.41,-204.74,57.368,-0.99999,0,-0.003738,9.6065e-06,1,-0.00257,0.003738,-0.00257,-0.99999
456.59,-204.28,57.368,-0.99999,0,-0.003738,9.6065e-06,1,-0.00257,0.003738,-0.00257,-0.99999
456.77,-203.81,57.368,-0.99999,0,-0.003738,9.6065e-06,1,-0.00257,0.003738,-0.00257,-0.99999
456.96,-203.35,57.367,-0.99999,0,-0.003738,9.6065e-06,1,-0.00257,0.003738,-0.00257,-0.99999
457.14,-202.88,57.367,-0.99999,0,-0.003738,9.6065e-06,1,-0.00257,0.003738,-0.00257,-0.99999
457.32,-202.41,57.366,-0.99999,0,-0.003738,9.6065e-06,1,-0.00257,0.003738,-0.00257,-0.99999
457.5,-201.95,57.366,-0.99999,0,-0.003738,9.6065e-06,1,-0.00257,0.003738,-0.00257,-0.99999
457.68,-201.48,57.365,-0.99999,0,-0.003738,9.6065e-06,1,-0.00257,0.003738,-0.00257,-0.99999
457.86,-201.02,57.365,-0.99999,0,-0.003738,9.6065e-06,1,-0.00257,0.003738,-0.00257,-0.99999
458.04,-200.55,57.364,-0.99999,0,-0.003738,9.6065e-06,1,-0.00257,0.003738,-0.00257,-0.99999
458.22,-200.08,57.364,-0.99999,0,-0.003738,9.6065e-06,1,-0.00257,0.003738,-0.00257,-0.99999
458.41,-199.62,57.364,-0.99999,0,-0.003738,9.6065e-06,1,-0.00257,0.003738,-0.00257,-0.99999
458.59,-199.15,57.363,-0.99999,0,-0.003738,9.6065e-06,1,-0.00257,0.003738,-0.00257,-0.99999
458.77,-198.69,57.363,-1,0,-0.0023727,6.0973e-06,1,-0.0025697,0.0023727,-0.0025697,-0.99999
458.95,-198.22,57.362,-1,0,-0.0023727,6.0973e-06,1,-0.0025697,0.0023727,-0.0025697,-0.99999
459.13,-197.75,57.361,-1,0,-0.0023727,6.0973e-06,1,-0.0025697,0.0023727,-0.0025697,-0.99999
459.31,-197.29,57.36,-1,0,-0.0023727,6.0973e-06,1,-0.0025697,0.0023727,-0.0025697,-0.99999
459.49,-196.82,57.359,-1,0,-0.0023727,6.0973e-06,1,-0.0025697,0.0023727,-0.0025697,-0.99999
459.67,-196.36,57.39,-0.99999,0,0.0050281,0.00027331,0.99852,0.054356,-0.0050207,0.054357,-0.99851
459.86,-195.89,57.427,-0.99999,0,0.0050281,0.00027331,0.99852,0.054356,-0.0050207,0.054357,-0.99851
460.04,-195.42,57.464,-0.99999,0,0.0050281,0.00027331,0.99852,0.054356,-0.0050207,0.054357,-0.99851
460.22,-194.96,57.5,-0.99999,0,0.0050281,0.00027331,0.99852,0.054356,-0.0050207,0.054357,-0.99851
460.4,-194.49,57.537,-0.99999,0,0.0050281,0.00027331,0.99852,0.054356,-0.0050207,0.054357,-0.99851
460.58,-194.03,57.574,-0.99999,0,0.0050281,0.00027331,0.99852,0.054356,-0.0050207,0.054357,-0.99851
460.76,-193.56,57.611,-0.99999,0,0.0050281,0.00027331,0.99852,0.054356,-0.0050207,0.054357,-0.99851
460.94,-193.09,57.647,-0.99999,0,0.0050281,0.00027331,0.99852,0.054356,-0.0050207,0.054357,-0.99851
461.13,-192.63,57.684,-0.99999,0,0.0050281,0.00027331,0.99852,0.054356,-0.0050207,0.054357,-0.99851
461.31,-192.16,57.721,-0.99999,0,0.0050281,0.00027331,0.99852,0.054356,-0.0050207,0.054357,-0.99851
461.49,-191.7,57.758,-0.99999,0,0.0050281,0.00027331,0.99852,0.054356,-0.0050207,0.054357,-0.99851
461.67,-191.23,57.794,-0.99999,0,0.0050281,0.00027331,0.99852,0.054356,-0.0050207,0.054357,-0.99851
461.85,-190.77,57.831,-0.99999,0,0.0050281,0.00027331,0.99852,0.054356,-0.0050207,0.054357,-0.99851
462.03,-190.3,57.868,-0.99999,0,0.0050281,0.00027331,0.99852,0.054356,-0.0050207,0.054357,-0.99851
462.21,-189.83,57.905,-0.99999,0,0.0050281,0.00027331,0.99852,0.054356,-0.0050207,0.054357,-0.99851
462.39,-189.37,57.941,-0.99989,0,0.014812,0.0016421,0.99384,0.11085,-0.014721,0.11086,-0.99373
462.58,-188.9,57.978,-0.99989,0,0.014812,0.0016421,0.99384,0.11085,-0.014721,0.11086,-0.99373
462.76,-188.44,58.015,-0.99989,0,0.014812,0.0016421,0.99384,0.11085,-0.014721,0.11086,-0.99373
462.94,-187.97,58.051,-0.99989,0,0.014812,0.0016421,0.99384,0.11085,-0.014721,0.11086,-0.99373
463.12,-187.5,58.088,-0.99989,0,0.014812,0.0016421,0.99384,0.11085,-0.014721,0.11086,-0.99373
579.45,-45.19,135.5,-0.98,0,0.19901,0.019332,0.99527,0.095197,-0.19807,0.09714,-0.97536
578.95,-45.12,135.61,-0.98,0,0.19901,0.019332,0.99527,0.095197,-0.19807,0.09714,-0.97536
578.46,-45.049,135.72,-0.98,0,0.19901,0.019332,0.99527,0.095197,-0.19807,0.09714,-0.97536
577.96,-44.978,135.83,-0.98,0,0.19901,0.019332,0.99527,0.095197,-0.19807,0.09714,-0.97536
577.47,-44.908,135.94,-0.98,0,0.19901,0.019332,0.99527,0.095197,-0.19807,0.09714,-0.97536
576.97,-44.837,136.05,-0.98,0,0.19901,0.019332,0.99527,0.095197,-0.19807,0.09714,-0.97536
576.48,-44.766,136.16,-0.98,0,0.19901,0.019332,0.99527,0.095197,-0.19807,0.09714,-0.97536
575.98,-44.695,136.27,-0.98,0,0.19901,0.019332,0.99527,0.095197,-0.19807,0.09714,-0.97536
575.49,-44.625,136.38,-0.98,0,0.19901,0.019332,0.99527,0.095197,-0.19807,0.09714,-0.97536
574.99,-44.554,136.5,-0.98,0,0.19901,0.019332,0.99527,0.095197,-0.19807,0.09714,-0.97536
574.5,-44.483,136.61,-0.98,0,0.19901,0.019332,0.99527,0.095197,-0.19807,0.09714,-0.97536
574,-44.413,136.72,-0.98,0,0.19901,0.019332,0.99527,0.095197,-0.19807,0.09714,-0.97536
573.51,-44.342,136.83,-0.98,0,0.19901,0.019332,0.99527,0.095197,-0.19807,0.09714,-0.97536
573.01,-44.271,136.94,-0.98,0,0.19901,0.019332,0.99527,0.095197,-0.19807,0.09714,-0.97536
572.52,-44.2,137.05,-0.98,0,0.19901,0.019332,0.99527,0.095197,-0.19807,0.09714,-0.97536
572.02,-44.13,137.16,-0.98,0,0.19901,0.019332,0.99527,0.095197,-0.19807,0.09714,-0.97536
571.53,-44.059,137.27,-0.97815,0,0.2079,0.01386,0.99778,0.065209,-0.20744,0.066665,-0.97597
571.03,-43.988,137.37,-0.97815,0,0.2079,0.01386,0.99778,0.065209,-0.20744,0.066665,-0.97597
570.54,-43.918,137.47,-0.97815,0,0.2079,0.01386,0.99778,0.065209,-0.20744,0.066665,-0.97597
570.04,-43.847,137.57,-0.97815,0,0.2079,0.01386,0.99778,0.065209,-0.20744,0.066665,-0.97597
569.55,-43.776,137.66,-0.97815,0,0.2079,0.01386,0.99778,0.065209,-0.20744,0.066665,-0.97597
569.05,-43.705,137.76,-0.97815,0,0.2079,0.01386,0.99778,0.065209,-0.20744,0.066665,-0.97597
568.56,-43.635,137.86,-0.97815,0,0.2079,0.01386,0.99778,0.065209,-0.20744,0.066665,-0.97597
568.06,-43.564,137.96,-0.97815,0,0.2079,0.01386,0.99778,0.065209,-0.20744,0.066665,-0.97597
567.57,-43.493,138.06,-0.97815,0,0.2079,0.01386,0.99778,0.065209,-0.20744,0.066665,-0.97597
567.07,-43.423,138.16,-0.97815,0,0.2079,0.01386,0.99778,0.065209,-0.20744,0.066665,-0.97597
566.58,-43.352,138.26,-0.97815,0,0.2079,0.01386,0.99778,0.065209,-0.20744,0.066665,-0.97597
566.08,-43.281,138.36,-0.97815,0,0.2079,0.01386,0.99778,0.065209,-0.20744,0.066665,-0.97597
565.59,-43.21,138.45,-0.97815,0,0.2079,0.01386,0.99778,0.065209,-0.20744,0.066665,-0.97597
565.09,-43.14,138.55,-0.97815,0,0.2079,0.01386,0.99778,0.065209,-0.20744,0.066665,-0.97597
564.6,-43.069,138.66,-0.9738,0,0.22739,0.015122,0.99779,0.064758,-0.22689,0.0665,-0.97165
564.1,-42.998,138.78,-0.9738,0,0.22739,0.015122,0.99779,0.064758,-0.22689,0.0665,-0.97165
563.61,-42.928,138.9,-0.9738,0,0.22739,0.015122,0.99779,0.064758,-0.22689,0.0665,-0.97165
563.11,-42.857,139.02,-0.9738,0,0.22739,0.015122,0.99779,0.064758,-0.22689,0.0665,-0.97165
562.62,-42.786,139.14,-0.9738,0,0.22739,0.015122,0.99779,0.064758,-0.22689,0.0665,-0.97165
562.12,-42.715,139.25,-0.9738,0,0.22739,0.015122,0.99779,0.064758,-0.22689,0.0665,-0.97165
561.63,-42.645,139.37,-0.9738,0,0.22739,0.015122,0.99779,0.064758,-0.22689,0.0665,-0.97165
561.13,-42.574,139.49,-0.9738,0,0.22739,0.015122,0.99779,0.064758,-0.22689,0.0665,-0.97165
560.64,-42.503,139.61,-0.9738,0,0.22739,0.015122,0.99779,0.064758,-0.22689,0.0665,-0.97165
560.14,-42.432,139.73,-0.9738,0,0.22739,0.015122,0.99779,0.064758,-0.22689,0.0665,-0.97165
559.65,-42.362,139.85,-0.9738,0,0.22739,0.015122,0.99779,0.064758,-0.22689,0.0665,-0.97165
559.15,-42.291,139.97,-0.9738,0,0.22739,0.015122,0.99779,0.064758,-0.22689,0.0665,-0.97165
558.66,-42.22,140.09,-0.9738,0,0.22739,0.015122,0.99779,0.064758,-0.22689,0.0665,-0.97165
558.16,-42.15,140.2,-0.9738,0,0.22739,0.015122,0.99779,0.064758,-0.22689,0.0665,-0.97165
557.67,-42.079,140.32,-0.9738,0,0.22739,0.015122,0.99779,0.064758,-0.22689,0.0665,-0.97165
557.17,-42.008,140.44,-0.9738,0,0.22739,0.015122,0.99779,0.064758,-0.22689,0.0665,-0.97165
556.68,-41.937,140.56,-0.9738,0,0.22739,0.015122,0.99779,0.064758,-0.22689,0.0665,-0.97165
556.18,-41.867,140.68,-0.9738,0,0.22739,0.015122,0.99779,0.064758,-0.22689,0.0665,-0.97165
555.69,-41.796,140.8,-0.9738,0,0.22739,0.015122,0.99779,0.064758,-0.22689,0.0665,-0.97165
555.19,-41.725,140.92,-0.9738,0,0.22739,0.015122,0.99779,0.064758,-0.22689,0.0665,-0.97165
554.7,-41.655,141.03,-0.9738,0,0.22739,0.015122,0.99779,0.064758,-0.22689,0.0665,-0.97165
554.2,-41.584,141.16,-0.96715,0,0.25419,0.024372,0.99539,0.092733,-0.25302,0.095883,-0.9627
553.71,-41.513,141.3,-0.96715,0,0.25419,0.024372,0.99539,0.092733,-0.25302,0.095883,-0.9627
553.21,-41.442,141.44,-0.96715,0,0.25419,0.024372,0.99539,0.092733,-0.25302,0.095883,-0.9627
552.72,-41.372,141.58,-0.96454,0,0.26395,0.01736,0.99783,0.063437,-0.26338,0.065769,-0.96245
552.22,-41.301,141.72,-0.96454,0,0.26395,0.01736,0.99783,0.063437,-0.26338,0.065769,-0.96245
551.73,-41.23,141.85,-0.96454,0,0.26395,0.01736,0.99783,0.063437,-0.26338,0.065769,-0.96245
551.23,-41.16,141.98,-0.96454,0,0.26395,0.01736,0.99783,0.063437,-0.26338,0.065769,-0.96245
550.74,-41.089,142.11,-0.96454,0,0.26395,0.01736,0.99783,0.063437,-0.26338,0.065769,-0.96245
550.24,-41.018,142.24,-0.96454,0,0.26395,0.01736,0.99783,0.063437,-0.26338,0.065769,-0.96245
549.75,-40.947,142.37,-0.96892,0,0.24737,0.0015048,0.99998,0.0058941,-0.24737,0.0060832,-0.9689
549.25,-40.877,142.5,-0.96892,0,0.24737,0.0015048,0.99998,0.0058941,-0.24737,0.0060832,-0.9689
548.76,-40.806,142.63,-0.96892,0,0.24737,0.0015048,0.99998,0.0058941,-0.24737,0.0060832,-0.9689
548.26,-40.735,142.76,-0.96892,0,0.24737,0.0015048,0.99998,0.0058941,-0.24737,0.0060832,-0.9689
547.77,-40.665,142.89,-0.96892,0,0.24737,0.0015048,0.99998,0.0058941,-0.24737,0.0060832,-0.9689
547.27,-40.594,143.02,-0.96892,0,0.24737,0.0015048,0.99998,0.0058941,-0.24737,0.0060832,-0.9689
546.78,-40.523,143.15,-0.96892,0,0.24737,0.0015048,0.99998,0.0058941,-0.24737,0.0060832,-0.9689
546.28,-40.452,143.27,-0.96892,0,0.24737,0.0015048,0.99998,0.0058941,-0.24737,0.0060832,-0.9689
545.79,-40.382,143.4,-0.96892,0,0.24737,0.0015048,0.99998,0.0058941,-0.24737,0.0060832,-0.9689
545.29,-40.311,143.53,-0.96892,0,0.24737,0.0015048,0.99998,0.0058941,-0.24737,0.0060832,-0.9689
544.8,-40.24,143.66,-0.96892,0,0.24737,0.0015048,0.99998,0.0058941,-0.24737,0.0060832,-0.9689
544.3,-40.17,143.79,-0.96892,0,0.24737,0.0015048,0.99998,0.0058941,-0.24737,0.0060832,-0.9689
543.81,-40.099,143.92,-0.96892,0,0.24737,0.0015048,0.99998,0.0058941,-0.24737,0.0060832,-0.9689
543.31,-40.028,144.04,-0.96892,0,0.24737,0.0015048,0.99998,0.0058941,-0.24737,0.0060832,-0.9689
542.82,-39.957,144.17,-0.96892,0,0.24737,0.0015048,0.99998,0.0058941,-0.24737,0.0060832,-0.9689
542.32,-39.887,144.3,-0.96892,0,0.24737,0.0015048,0.99998,0.0058941,-0.24737,0.0060832,-0.9689
541.83,-39.816,144.43,-0.96619,0,0.25783,-0.0061861,0.99971,-0.023182,-0.25775,-0.023993,-0.96591
541.33,-39.745,144.56,-0.96619,0,0.25783,-0.0061861,0.99971,-0.023182,-0.25775,-0.023993,-0.96591
540.84,-39.675,144.69,-0.96619,0,0.25783,-0.0061861,0.99971,-0.023182,-0.25775,-0.023993,-0.96591
540.34,-39.604,144.82,-0.96619,0,0.25783,-0.0061861,0.99971,-0.023182,-0.25775,-0.023993,-0.96591
539.85,-39.533,144.94,-0.96619,0,0.25783,-0.0061861,0.99971,-0.023182,-0.25775,-0.023993,-0.96591
539.35,-39.462,145.08,-0.96181,0,0.27372,0.0016638,0.99998,0.0058465,-0.27371,0.0060786,-0.96179
