724.47,136.97,57.13,-1,0,-0.0023727,6.0973e-06,1,-0.0025697,0.0023727,-0.0025697,-0.99999
724.09,136.64,57.13,-1,0,-0.0023727,6.0973e-06,1,-0.0025697,0.0023727,-0.0025697,-0.99999
723.71,136.32,57.13,-1,0,-0.0023727,6.0973e-06,1,-0.0025697,0.0023727,-0.0025697,-0.99999
723.34,135.99,57.13,-1,0,-0.0023727,6.0973e-06,1,-0.0025697,0.0023727,-0.0025697,-0.99999
722.96,135.67,57.13,-1,0,-0.0023727,6.0973e-06,1,-0.0025697,0.0023727,-0.0025697,-0.99999
722.58,135.34,57.13,-1,0,-0.0023727,6.0973e-06,1,-0.0025697,0.0023727,-0.0025697,-0.99999
722.2,135.01,57.13,-1,0,-0.0023727,6.0973e-06,1,-0.0025697,0.0023727,-0.0025697,-0.99999
721.82,134.69,57.13,-1,0,-0.0023727,6.0973e-06,1,-0.0025697,0.0023727,-0.0025697,-0.99999
721.44,134.36,57.13,-1,0,-0.0023727,6.0973e-06,1,-0.0025697,0.0023727,-0.0025697,-0.99999
721.06,134.04,57.13,-1,0,-0.0023727,6.0973e-06,1,-0.0025697,0.0023727,-0.0025697,-0.99999
720.68,133.71,57.13,-1,0,-0.0023727,6.0973e-06,1,-0.0025697,0.0023727,-0.0025697,-0.99999
720.3,133.39,57.13,-1,0,-0.0023727,6.0973e-06,1,-0.0025697,0.0023727,-0.0025697,-0.99999
719.92,133.06,57.13,-1,0,-0.0023727,6.0973e-06,1,-0.0025697,0.0023727,-0.0025697,-0.99999
719.54,132.74,57.13,-1,0,-0.0023727,6.0973e-06,1,-0.0025697,0.0023727,-0.0025697,-0.99999
719.16,132.41,57.13,-1,0,-0.0023727,6.0973e-06,1,-0.0025697,0.0023727,-0.0025697,-0.99999
718.78,132.09,57.129,-1,0,-0.0023727,6.0973e-06,1,-0.0025697,0.0023727,-0.0025697,-0.99999
718.4,131.76,57.129,-1,0,-0.0023727,6.0973e-06,1,-0.0025697,0.0023727,-0.0025697,-0.99999
718.02,131.43,57.129,-1,0,-0.0023727,6.0973e-06,1,-0.0025697,0.0023727,-0.0025697,-0.99999
717.64,131.11,57.129,-1,0,-0.0023727,6.0973e-06,1,-0.0025697,0.0023727,-0.0025697,-0.99999
717.26,130.78,57.129,-1,0,-0.0023727,6.0973e-06,1,-0.0025697,0.0023727,-0.0025697,-0.99999
716.88,130.46,57.129,-1,0,-0.0023727,6.0973e-06,1,-0.0025697,0.0023727,-0.0025697,-0.99999
716.5,130.13,57.129,-1,0,-0.0023727,6.0973e-06,1,-0.0025697,0.0023727,-0.0025697,-0.99999
716.12,129.81,57.129,-1,0,-0.0023727,6.0973e-06,1,-0.0025697,0.0023727,-0.0025697,-0.99999
715.74,129.48,57.129,-1,0,-0.0023727,6.0973e-06,1,-0.0025697,0.0023727,-0.0025697,-0.99999
715.37,129.16,57.129,-1,0,-0.0023727,6.0973e-06,1,-0.0025697,0.0023727,-0.0025697,-0.99999
714.99,128.83,57.129,-1,0,-0.0023727,6.0973e-06,1,-0.0025697,0.0023727,-0.0025697,-0.99999
714.61,128.5,57.129,-1,0,-0.0023727,6.0973e-06,1,-0.0025697,0.0023727,-0.0025697,-0.99999
714.23,128.18,57.129,-1,0,-0.0023727,6.0973e-06,1,-0.0025697,0.0023727,-0.0025697,-0.99999
713.85,127.85,57.129,-1,0,-0.0023727,6.0973e-06,1,-0.0025697,0.0023727,-0.0025697,-0.99999
713.47,127.53,57.129,-1,0,-0.0023727,6.0973e-06,1,-0.0025697,0.0023727,-0.0025697,-0.99999
713.09,127.2,57.129,-1,0,-0.0023727,6.0973e-06,1,-0.0025697,0.0023727,-0.0025697,-0.99999
712.71,126.88,57.128,-1,0,-0.0023727,6.0973e-06,1,-0.0025697,0.0023727,-0.0025697,-0.99999
712.33,126.55,57.128,-1,0,-0.0023727,6.0973e-06,1,-0.0025697,0.0023727,-0.0025697,-0.99999
711.95,126.23,57.128,-1,0,-0.0023727,6.0973e-06,1,-0.0025697,0.0023727,-0.0025697,-0.99999
711.57,125.9,57.128,-1,0,-0.0023727,6.0973e-06,1,-0.0025697,0.0023727,-0.0025697,-0.99999
711.19,125.58,57.128,-1,0,-0.0023727,6.0973e-06,1,-0.0025697,0.0023727,-0.0025697,-0.99999
710.81,125.25,57.128,-1,0,-0.0023727,6.0973e-06,1,-0.0025697,0.0023727,-0.0025697,-0.99999
710.43,124.92,57.128,-1,0,-0.0023727,6.0973e-06,1,-0.0025697,0.0023727,-0.0025697,-0.99999
710.05,124.6,57.128,-1,0,-0.0023727,6.0973e-06,1,-0.0025697,0.0023727,-0.0025697,-0.99999
709.67,124.27,57.128,-1,0,-0.0023727,6.0973e-06,1,-0.0025697,0.0023727,-0.0025697,-0.99999
709.29,123.95,57.128,-1,0,-0.0023727,6.0973e-06,1,-0.0025697,0.0023727,-0.0025697,-0.99999
708.91,123.62,57.128,-1,0,-0.0023727,6.0973e-06,1,-0.0025697,0.0023727,-0.0025697,-0.99999
708.53,123.3,57.128,-1,0,-0.0023727,6.0973e-06,1,-0.0025697,0.0023727,-0.0025697,-0.99999
708.15,122.97,57.128,-1,0,-0.0023727,6.0973e-06,1,-0.0025697,0.0023727,-0.0025697,-0.99999
707.77,122.65,57.128,-1,0,-0.0023727,6.0973e-06,1,-0.0025697,0.0023727,-0.0025697,-0.99999
707.39,122.32,57.128,-1,0,-0.0023727,6.0973e-06,1,-0.0025697,0.0023727,-0.0025697,-0.99999
707.02,121.99,57.127,-1,0,-0.0023727,6.0973e-06,1,-0.0025697,0.0023727,-0.0025697,-0.99999
706.64,121.67,57.127,-1,0,-0.0023727,6.0973e-06,1,-0.0025697,0.0023727,-0.0025697,-0.99999
706.26,121.34,57.127,-1,0,-0.0023727,6.0973e-06,1,-0.0025697,0.0023727,-0.0025697,-0.99999
705.88,121.02,57.127,-1,0,-0.0023727,6.0973e-06,1,-0.0025697,0.0023727,-0.0025697,-0.99999
705.5,120.69,57.127,-1,0,-0.0023727,6.0973e-06,1,-0.0025697,0.0023727,-0.0025697,-0.99999
705.12,120.37,57.127,-1,0,-0.0023727,6.0973e-06,1,-0.0025697,0.0023727,-0.0025697,-0.99999
704.74,120.04,57.127,-1,0,-0.0023727,6.0973e-06,1,-0.0025697,0.0023727,-0.0025697,-0.99999
704.36,119.72,57.127,-1,0,-0.0023727,6.0973e-06,1,-0.0025697,0.0023727,-0.0025697,-0.99999
703.98,119.39,57.127,-1,0,-0.0023727,6.0973e-06,1,-0.0025697,0.0023727,-0.0025697,-0.99999
703.6,119.07,57.127,-1,0,-0.0023727,6.0973e-06,1,-0.0025697,0.0023727,-0.0025697,-0.99999
703.22,118.74,57.127,-1,0,-0.0023727,6.0973e-06,1,-0.0025697,0.0023727,-0.0025697,-0.99999
702.84,118.41,57.127,-1,0,-0.0023727,6.0973e-06,1,-0.0025697,0.0023727,-0.0025697,-0.99999
702.46,118.09,57.127,-1,0,-0.0023727,6.0973e-06,1,-0.0025697,0.0023727,-0.0025697,-0.99999
702.08,117.76,57.127,-1,0,-0.0023727,6.0973e-06,1,-0.0025697,0.0023727,-0.0025697,-0.99999
701.7,117.44,57.127,-1,0,-0.0023727,6.0973e-06,1,-0.0025697,0.0023727,-0.0025697,-0.99999
701.32,117.11,57.127,-1,0,-0.0023727,6.0973e-06,1,-0.0025697,0.0023727,-0.0025697,-0.99999
700.94,116.79,57.126,-1,0,-0.0023727,6.0973e-06,1,-0.0025697,0.0023727,-0.0025697,-0.99999
700.56,116.46,57.126,-1,0,-0.0023727,6.0973e-06,1,-0.0025697,0.0023727,-0.0025697,-0.99999
700.18,116.14,57.126,-1,0,-0.0023727,6.0973e-06,1,-0.0025697,0.0023727,-0.0025697,-0.99999
699.8,115.81,57.126,-1,0,-0.0023727,6.0973e-06,1,-0.0025697,0.0023727,-0.0025697,-0.99999
699.42,115.48,57.126,-1,0,-0.0023727,6.0973e-06,1,-0.0025697,0.0023727,-0.0025697,-0.99999
699.05,115.16,57.126,-1,0,-0.0023727,6.0973e-06,1,-0.0025697,0.0023727,-0.0025697,-0.99999
698.67,114.83,57.126,-1,0,-0.0023727,6.0973e-06,1,-0.0025697,0.0023727,-0.0025697,-0.99999
698.29,114.51,57.126,-1,0,-0.0023727,6.0973e-06,1,-0.0025697,0.0023727,-0.0025697,-0.99999
697.91,114.18,57.126,-1,0,-0.0023727,6.0973e-06,1,-0.0025697,0.0023727,-0.0025697,-0.99999
697.53,113.86,57.126,-1,0,-0.0023727,6.0973e-06,1,-0.0025697,0.0023727,-0.0025697,-0.99999
697.15,113.53,57.126,-1,0,-0.0023727,6.0973e-06,1,-0.0025697,0.0023727,-0.0025697,-0.99999
696.77,113.21,57.126,-1,0,-0.0023727,6.0973e-06,1,-0.0025697,0.0023727,-0.0025697,-0.99999
696.39,112.88,57.126,-1,0,-0.0023727,6.0973e-06,1,-0.0025697,0.0023727,-0.0025697,-0.99999
696.01,112.55,57.126,-1,0,-0.0023727,6.0973e-06,1,-0.0025697,0.0023727,-0.0025697,-0.99999
695.63,112.23,57.126,-1,0,-0.0023727,6.0973e-06,1,-0.0025697,0.0023727,-0.0025697,-0.99999
695.25,111.9,57.125,-1,0,-0.0023727,6.0973e-06,1,-0.0025697,0.0023727,-0.0025697,-0.99999
694.87,111.58,57.125,-1,0,-0.0023727,6.0973e-06,1,-0.0025697,0.0023727,-0.0025697,-0.99999
694.49,111.25,57.125,-1,0,-0.0023727,6.0973e-06,1,-0.0025697,0.0023727,-0.0025697,-0.99999
694.11,110.93,57.125,-1,0,-0.0023727,6.0973e-06,1,-0.0025697,0.0023727,-0.0025697,-0.99999
693.73,110.6,57.125,-1,0,-0.0023727,6.0973e-06,1,-0.0025697,0.0023727,-0.0025697,-0.99999
664.22,37.481,97.694,-1,0,-0.0023171,0.00062297,0.96318,-0.26885,0.0022318,-0.26885,-0.96318
663.78,37.25,97.765,-1,0,-0.0023171,0.00062297,0.96318,-0.26885,0.0022318,-0.26885,-0.96318
663.34,37.019,97.835,-1,0,-0.0023171,0.00062297,0.96318,-0.26885,0.0022318,-0.26885,-0.96318
662.89,36.787,97.905,-1,0,-0.0023171,0.00062297,0.96318,-0.26885,0.0022318,-0.26885,-0.96318
662.45,36.556,97.975,-1,0,-0.0023171,0.00062297,0.96318,-0.26885,0.0022318,-0.26885,-0.96318
662.01,36.324,98.046,-1,0,-0.0023171,0.00062297,0.96318,-0.26885,0.0022318,-0.26885,-0.96318
661.56,36.093,98.116,-1,0,-0.0023171,0.00062297,0.96318,-0.26885,0.0022318,-0.26885,-0.96318
661.12,35.861,98.186,-1,0,-0.0023171,0.00062297,0.96318,-0.26885,0.0022318,-0.26885,-0.96318
660.68,35.63,98.257,-1,0,-0.0023171,0.00062297,0.96318,-0.26885,0.0022318,-0.26885,-0.96318
660.23,35.399,98.327,-1,0,-0.0023171,0.00062297,0.96318,-0.26885,0.0022318,-0.26885,-0.96318
659.79,35.167,98.397,-1,0,-0.0023171,0.00062297,0.96318,-0.26885,0.0022318,-0.26885,-0.96318
659.35,34.936,98.467,-1,0,-0.0023171,0.00062297,0.96318,-0.26885,0.0022318,-0.26885,-0.96318
658.9,34.704,98.538,-1,0,-0.0023171,0.00062297,0.96318,-0.26885,0.0022318,-0.26885,-0.96318
658.46,34.473,98.608,-1,0,-0.0023171,0.00062297,0.96318,-0.26885,0.0022318,-0.26885,-0.96318
658.02,34.241,98.678,-1,0,-0.0023171,0.00062297,0.96318,-0.26885,0.0022318,-0.26885,-0.96318
657.57,34.01,98.738,-1,0,-0.0023297,0.00049299,0.97735,-0.21161,0.002277,-0.21161,-0.97735
657.13,33.778,98.788,-1,0,-0.0023297,0.00049299,0.97735,-0.21161,0.002277,-0.21161,-0.97735
656.69,33.547,98.837,-1,0,-0.0023297,0.00049299,0.97735,-0.21161,0.002277,-0.21161,-0.97735
656.24,33.316,98.887,-1,0,-0.0023297,0.00049299,0.97735,-0.21161,0.002277,-0.21161,-0.97735
655.8,33.084,98.937,-1,0,-0.0023297,0.00049299,0.97735,-0.21161,0.002277,-0.21161,-0.97735
655.36,32.853,98.986,-1,0,-0.0023297,0.00049299,0.97735,-0.21161,0.002277,-0.21161,-0.97735
654.91,32.621,99.032,-1,0,-0.0023332,0.00045624,0.9807,-0.19554,0.0022881,-0.19554,-0.98069
654.47,32.39,99.075,-1,0,-0.0023332,0.00045624,0.9807,-0.19554,0.0022881,-0.19554,-0.98069
654.03,32.158,99.118,-1,0,-0.0023332,0.00045624,0.9807,-0.19554,0.0022881,-0.19554,-0.98069
653.58,31.927,99.161,-1,0,-0.0023332,0.00045624,0.9807,-0.19554,0.0022881,-0.19554,-0.98069
653.14,31.696,99.204,-1,0,-0.0023332,0.00045624,0.9807,-0.19554,0.0022881,-0.19554,-0.98069
652.7,31.464,99.247,-1,0,-0.0023332,0.00045624,0.9807,-0.19554,0.0022881,-0.19554,-0.98069
652.25,31.233,99.29,-1,0,-0.0023332,0.00045624,0.9807,-0.19554,0.0022881,-0.19554,-0.98069
651.81,31.001,99.333,-1,0,-0.0023332,0.00045624,0.9807,-0.19554,0.0022881,-0.19554,-0.98069
651.37,30.77,99.376,-1,0,-0.0023332,0.00045624,0.9807,-0.19554,0.0022881,-0.19554,-0.98069
650.93,30.538,99.419,-1,0,-0.0023332,0.00045624,0.9807,-0.19554,0.0022881,-0.19554,-0.98069
650.48,30.307,99.46,-1,0,-0.0023369,0.00041603,0.98403,-0.17803,0.0022996,-0.17803,-0.98402
650.04,30.075,99.499,-1,0,-0.0023369,0.00041603,0.98403,-0.17803,0.0022996,-0.17803,-0.98402
649.6,29.844,99.537,-1,0,-0.0023369,0.00041603,0.98403,-0.17803,0.0022996,-0.17803,-0.98402
649.15,29.613,99.575,-1,0,-0.0023369,0.00041603,0.98403,-0.17803,0.0022996,-0.17803,-0.98402
648.71,29.381,99.614,-1,0,-0.0023369,0.00041603,0.98403,-0.17803,0.0022996,-0.17803,-0.98402
648.27,29.15,99.652,-1,0,-0.0023369,0.00041603,0.98403,-0.17803,0.0022996,-0.17803,-0.98402
647.82,28.918,99.69,-1,0,-0.0023369,0.00041603,0.98403,-0.17803,0.0022996,-0.17803,-0.98402
647.38,28.687,99.729,-1,0,-0.0023369,0.00041603,0.98403,-0.17803,0.0022996,-0.17803,-0.98402
646.94,28.455,99.767,-1,0,-0.0023369,0.00041603,0.98403,-0.17803,0.0022996,-0.17803,-0.98402
646.49,28.224,99.805,-1,0,-0.0023369,0.00041603,0.98403,-0.17803,0.0022996,-0.17803,-0.98402
646.05,27.993,99.844,-1,0,-0.0023369,0.00041603,0.98403,-0.17803,0.0022996,-0.17803,-0.98402
645.61,27.761,99.882,-1,0,-0.0023369,0.00041603,0.98403,-0.17803,0.0022996,-0.17803,-0.98402
645.16,27.53,99.92,-1,0,-0.0023369,0.00041603,0.98403,-0.17803,0.0022996,-0.17803,-0.98402
644.72,27.298,99.958,-1,0,-0.0023369,0.00041603,0.98403,-0.17803,0.0022996,-0.17803,-0.98402
644.28,27.067,99.994,-1,0,-0.0023401,0.00038111,0.98665,-0.16286,0.0023088,-0.16286,-0.98665
643.83,26.835,100.03,-1,0,-0.0023401,0.00038111,0.98665,-0.16286,0.0023088,-0.16286,-0.98665
643.39,26.604,100.06,-1,0,-0.0023401,0.00038111,0.98665,-0.16286,0.0023088,-0.16286,-0.98665
642.95,26.372,100.1,-1,0,-0.0023401,0.00038111,0.98665,-0.16286,0.0023088,-0.16286,-0.98665
642.5,26.141,100.14,-1,0,-0.0023401,0.00038111,0.98665,-0.16286,0.0023088,-0.16286,-0.98665
642.06,25.91,100.17,-1,0,-0.0023401,0.00038111,0.98665,-0.16286,0.0023088,-0.16286,-0.98665
641.62,25.678,100.21,-1,0,-0.0023401,0.00038111,0.98665,-0.16286,0.0023088,-0.16286,-0.98665
641.17,25.447,100.24,-1,0,-0.0023401,0.00038111,0.98665,-0.16286,0.0023088,-0.16286,-0.98665
640.73,25.215,100.28,-1,0,-0.0023401,0.00038111,0.98665,-0.16286,0.0023088,-0.16286,-0.98665
640.29,24.984,100.31,-1,0,-0.0023401,0.00038111,0.98665,-0.16286,0.0023088,-0.16286,-0.98665
639.84,24.752,100.35,-1,0,-0.0023401,0.00038111,0.98665,-0.16286,0.0023088,-0.16286,-0.98665
639.4,24.521,100.38,-1,0,-0.0023401,0.00038111,0.98665,-0.16286,0.0023088,-0.16286,-0.98665
638.96,24.29,100.42,-1,0,-0.0023401,0.00038111,0.98665,-0.16286,0.0023088,-0.16286,-0.98665
638.52,24.058,100.45,-1,0,-0.0023401,0.00038111,0.98665,-0.16286,0.0023088,-0.16286,-0.98665
638.07,23.827,100.49,-1,0,-0.0023401,0.00038111,0.98665,-0.16286,0.0023088,-0.16286,-0.98665
637.63,23.595,100.54,-0.99999,0,0.004692,-0.0008271,0.98434,-0.17628,-0.0046185,-0.17628,-0.98433
637.19,23.364,100.58,-0.99999,0,0.004692,-0.0008271,0.98434,-0.17628,-0.0046185,-0.17628,-0.98433
636.74,23.132,100.63,-0.99999,0,0.004692,-0.0008271,0.98434,-0.17628,-0.0046185,-0.17628,-0.98433
636.3,22.901,100.68,-0.99999,0,0.004692,-0.0008271,0.98434,-0.17628,-0.0046185,-0.17628,-0.98433
635.86,22.669,100.73,-0.99999,0,0.004692,-0.0008271,0.98434,-0.17628,-0.0046185,-0.17628,-0.98433
635.41,22.438,100.78,-0.99991,0,0.013615,-0.0031001,0.97373,-0.22768,-0.013257,-0.2277,-0.97364
634.97,22.207,100.83,-0.99991,0,0.013615,-0.0031001,0.97373,-0.22768,-0.013257,-0.2277,-0.97364
634.53,21.975,100.89,-0.99991,0,0.013615,-0.0031001,0.97373,-0.22768,-0.013257,-0.2277,-0.97364
634.08,21.744,100.97,-0.99949,0,0.032025,-0.010085,0.94912,-0.31474,-0.030396,-0.31491,-0.94864
633.64,21.512,101.07,-0.99949,0,0.032025,-0.010085,0.94912,-0.31474,-0.030396,-0.31491,-0.94864
633.2,21.281,101.17,-0.99949,0,0.032025,-0.010085,0.94912,-0.31474,-0.030396,-0.31491,-0.94864
632.75,21.049,101.27,-0.99928,0,0.037954,-0.013313,0.93647,-0.3505,-0.035543,-0.35076,-0.93579
632.31,20.818,101.37,-0.99928,0,0.037954,-0.013313,0.93647,-0.3505,-0.035543,-0.35076,-0.93579
631.87,20.587,101.46,-0.99928,0,0.037954,-0.013313,0.93647,-0.3505,-0.035543,-0.35076,-0.93579
631.42,20.355,101.55,-0.99928,0,0.037954,-0.013313,0.93647,-0.3505,-0.035543,-0.35076,-0.93579
630.98,20.124,101.65,-0.99928,0,0.037954,-0.013313,0.93647,-0.3505,-0.035543,-0.35076,-0.93579
630.54,19.892,101.78,-0.9982,0,0.060037,-0.026442,0.89779,-0.43963,-0.053901,-0.44042,-0.89617
630.09,19.661,101.93,-0.9982,0,0.060037,-0.026442,0.89779,-0.43963,-0.053901,-0.44042,-0.89617
629.65,19.429,102.09,-0.9982,0,0.060037,-0.026442,0.89779,-0.43963,-0.053901,-0.44042,-0.89617
629.21,19.198,102.24,-0.9982,0,0.060037,-0.026442,0.89779,-0.43963,-0.053901,-0.44042,-0.89617
628.76,18.966,102.39,-0.9982,0,0.060037,-0.026442,0.89779,-0.43963,-0.053901,-0.44042,-0.89617
628.32,18.735,102.53,-0.99789,0,0.064907,-0.03077,0.88049,-0.47306,-0.05715,-0.47406,-0.87864
498.88,-152.38,68.768,-0.98574,0,0.1683,0.086993,0.85606,0.50951,-0.14408,0.51688,-0.84385
498.97,-151.89,69.071,-0.98574,0,0.1683,0.086993,0.85606,0.50951,-0.14408,0.51688,-0.84385
499.07,-151.4,69.374,-0.98574,0,0.1683,0.086993,0.85606,0.50951,-0.14408,0.51688,-0.84385
499.17,-150.91,69.676,-0.98574,0,0.1683,0.086993,0.85606,0.50951,-0.14408,0.51688,-0.84385
499.27,-150.42,69.979,-0.98574,0,0.1683,0.086993,0.85606,0.50951,-0.14408,0.51688,-0.84385
499.36,-149.93,70.282,-0.98574,0,0.1683,0.086993,0.85606,0.50951,-0.14408,0.51688,-0.84385
499.46,-149.44,70.585,-0.97934,0,0.20224,0.11258,0.83074,0.54515,-0.16801,0.55665,-0.81358
499.56,-148.95,70.881,-0.97934,0,0.20224,0.11258,0.83074,0.54515,-0.16801,0.55665,-0.81358
499.65,-148.46,71.257,-0.95981,0,0.28064,0.19095,0.73284,0.65306,-0.20566,0.6804,-0.70339
499.75,-147.97,71.678,-0.95981,0,0.28064,0.19095,0.73284,0.65306,-0.20566,0.6804,-0.70339
499.85,-147.48,72.1,-0.95981,0,0.28064,0.19095,0.73284,0.65306,-0.20566,0.6804,-0.70339
499.94,-146.99,72.522,-0.95981,0,0.28064,0.19095,0.73284,0.65306,-0.20566,0.6804,-0.70339
500.04,-146.5,72.943,-0.95981,0,0.28064,0.19095,0.73284,0.65306,-0.20566,0.6804,-0.70339
500.14,-146.01,73.365,-0.95981,0,0.28064,0.19095,0.73284,0.65306,-0.20566,0.6804,-0.70339
500.24,-145.52,73.786,-0.95981,0,0.28064,0.19095,0.73284,0.65306,-0.20566,0.6804,-0.70339
500.33,-145.03,74.208,-0.95981,0,0.28064,0.19095,0.73284,0.65306,-0.20566,0.6804,-0.70339
500.43,-144.54,74.629,-0.95981,0,0.28064,0.19095,0.73284,0.65306,-0.20566,0.6804,-0.70339
500.53,-144.05,75.051,-0.95981,0,0.28064,0.19095,0.73284,0.65306,-0.20566,0.6804,-0.70339
500.62,-143.55,75.472,-0.95981,0,0.28064,0.19095,0.73284,0.65306,-0.20566,0.6804,-0.70339
500.72,-143.06,75.894,-0.95981,0,0.28064,0.19095,0.73284,0.65306,-0.20566,0.6804,-0.70339
500.82,-142.57,76.316,-0.95981,0,0.28064,0.19095,0.73284,0.65306,-0.20566,0.6804,-0.70339
500.91,-142.08,76.737,-0.95981,0,0.28064,0.19095,0.73284,0.65306,-0.20566,0.6804,-0.70339
501.01,-141.59,77.159,-0.95981,0,0.28064,0.19095,0.73284,0.65306,-0.20566,0.6804,-0.70339
501.11,-141.1,77.58,-0.95981,0,0.28064,0.19095,0.73284,0.65306,-0.20566,0.6804,-0.70339
501.21,-140.61,78.002,-0.95981,0,0.28064,0.19095,0.73284,0.65306,-0.20566,0.6804,-0.70339
501.3,-140.12,78.546,-0.93567,0,0.35288,0.26406,0.66338,0.70015,-0.23409,0.74828,-0.6207
501.4,-139.63,79.133,-0.93567,0,0.35288,0.26406,0.66338,0.70015,-0.23409,0.74828,-0.6207
501.5,-139.14,79.72,-0.93567,0,0.35288,0.26406,0.66338,0.70015,-0.23409,0.74828,-0.6207
501.59,-138.65,80.307,-0.93567,0,0.35288,0.26406,0.66338,0.70015,-0.23409,0.74828,-0.6207
501.69,-138.16,80.901,-0.92383,0,0.38281,0.30032,0.62011,0.72475,-0.23738,0.78451,-0.57288
501.79,-137.67,81.496,-0.92383,0,0.38281,0.30032,0.62011,0.72475,-0.23738,0.78451,-0.57288
501.88,-137.18,82.092,-0.92383,0,0.38281,0.30032,0.62011,0.72475,-0.23738,0.78451,-0.57288
501.98,-136.69,82.688,-0.92383,0,0.38281,0.30032,0.62011,0.72475,-0.23738,0.78451,-0.57288
502.08,-136.2,83.283,-0.92383,0,0.38281,0.30032,0.62011,0.72475,-0.23738,0.78451,-0.57288
502.17,-135.71,83.879,-0.92383,0,0.38281,0.30032,0.62011,0.72475,-0.23738,0.78451,-0.57288
502.27,-135.22,84.475,-0.92383,0,0.38281,0.30032,0.62011,0.72475,-0.23738,0.78451,-0.57288
502.37,-134.73,85.07,-0.92383,0,0.38281,0.30032,0.62011,0.72475,-0.23738,0.78451,-0.57288
502.47,-134.23,85.666,-0.92383,0,0.38281,0.30032,0.62011,0.72475,-0.23738,0.78451,-0.57288
502.56,-133.74,86.261,-0.92383,0,0.38281,0.30032,0.62011,0.72475,-0.23738,0.78451,-0.57288
502.66,-133.25,87.091,-0.88137,0,0.47242,0.39744,0.5406,0.74148,-0.25539,0.84128,-0.47647
502.76,-132.76,87.968,-0.88137,0,0.47242,0.39744,0.5406,0.74148,-0.25539,0.84128,-0.47647
502.85,-132.27,88.845,-0.88137,0,0.47242,0.39744,0.5406,0.74148,-0.25539,0.84128,-0.47647
502.95,-131.78,89.721,-0.88137,0,0.47242,0.39744,0.5406,0.74148,-0.25539,0.84128,-0.47647
503.05,-131.29,90.598,-0.88137,0,0.47242,0.39744,0.5406,0.74148,-0.25539,0.84128,-0.47647
503.14,-130.8,91.475,-0.88137,0,0.47242,0.39744,0.5406,0.74148,-0.25539,0.84128,-0.47647
503.24,-130.31,92.332,-0.84569,0,0.53367,0.45994,0.50717,0.72886,-0.27066,0.86184,-0.42891
503.34,-129.82,93.185,-0.84569,0,0.53367,0.45994,0.50717,0.72886,-0.27066,0.86184,-0.42891
503.44,-129.33,94.039,-0.84569,0,0.53367,0.45994,0.50717,0.72886,-0.27066,0.86184,-0.42891
503.53,-128.84,94.893,-0.84569,0,0.53367,0.45994,0.50717,0.72886,-0.27066,0.86184,-0.42891
503.63,-128.35,95.808,-0.81656,0,0.57726,0.50977,0.4692,0.7211,-0.27085,0.88309,-0.38313
503.73,-127.86,96.89,-0.81501,0,0.57944,0.50837,0.47986,0.71505,-0.27805,0.87735,-0.39109
503.82,-127.37,97.793,-0.84205,0,0.5394,0.46621,0.50296,0.72779,-0.27129,0.86431,-0.42351
503.92,-126.88,98.694,-0.84205,0,0.5394,0.46621,0.50296,0.72779,-0.27129,0.86431,-0.42351
504.02,-126.39,99.595,-0.84205,0,0.5394,0.46621,0.50296,0.72779,-0.27129,0.86431,-0.42351
504.11,-125.9,100.5,-0.84205,0,0.5394,0.46621,0.50296,0.72779,-0.27129,0.86431,-0.42351
504.21,-125.41,101.4,-0.84205,0,0.5394,0.46621,0.50296,0.72779,-0.27129,0.86431,-0.42351
504.31,-124.92,102.3,-0.84205,0,0.5394,0.46621,0.50296,0.72779,-0.27129,0.86431,-0.42351
504.41,-124.42,103.2,-0.84205,0,0.5394,0.46621,0.50296,0.72779,-0.27129,0.86431,-0.42351
504.5,-123.93,104.1,-0.84976,0,0.52717,0.44761,0.52825,0.72152,-0.27848,0.84909,-0.44889
504.6,-123.44,105,-0.84976,0,0.52717,0.44761,0.52825,0.72152,-0.27848,0.84909,-0.44889
504.7,-122.95,105.83,-0.87954,0,0.47583,0.39103,0.5698,0.72279,-0.27113,0.82178,-0.50116
504.79,-122.46,106.56,-0.87954,0,0.47583,0.39103,0.5698,0.72279,-0.27113,0.82178,-0.50116
504.89,-121.97,107.28,-0.87954,0,0.47583,0.39103,0.5698,0.72279,-0.27113,0.82178,-0.50116
504.99,-121.48,108.01,-0.87954,0,0.47583,0.39103,0.5698,0.72279,-0.27113,0.82178,-0.50116
505.08,-120.99,108.73,-0.87954,0,0.47583,0.39103,0.5698,0.72279,-0.27113,0.82178,-0.50116
505.18,-120.5,109.45,-0.87954,0,0.47583,0.39103,0.5698,0.72279,-0.27113,0.82178,-0.50116
505.28,-120.01,110.18,-0.87954,0,0.47583,0.39103,0.5698,0.72279,-0.27113,0.82178,-0.50116
505.38,-119.52,110.9,-0.88352,0,0.46839,0.37673,0.59423,0.71061,-0.27833,0.8043,-0.52501
505.47,-119.03,111.63,-0.88352,0,0.46839,0.37673,0.59423,0.71061,-0.27833,0.8043,-0.52501
505.57,-118.54,112.35,-0.88352,0,0.46839,0.37673,0.59423,0.71061,-0.27833,0.8043,-0.52501
505.67,-118.05,113.07,-0.90451,0,0.42645,0.32929,0.63543,0.69843,-0.27098,0.77216,-0.57475
505.76,-117.56,113.66,-0.90451,0,0.42645,0.32929,0.63543,0.69843,-0.27098,0.77216,-0.57475
505.86,-117.07,114.25,-0.90451,0,0.42645,0.32929,0.63543,0.69843,-0.27098,0.77216,-0.57475
505.96,-116.58,114.84,-0.90451,0,0.42645,0.32929,0.63543,0.69843,-0.27098,0.77216,-0.57475
506.05,-116.09,115.43,-0.90451,0,0.42645,0.32929,0.63543,0.69843,-0.27098,0.77216,-0.57475
506.15,-115.6,116.03,-0.90451,0,0.42645,0.32929,0.63543,0.69843,-0.27098,0.77216,-0.57475
506.25,-115.11,116.62,-0.90451,0,0.42645,0.32929,0.63543,0.69843,-0.27098,0.77216,-0.57475
506.34,-114.61,117.21,-0.90451,0,0.42645,0.32929,0.63543,0.69843,-0.27098,0.77216,-0.57475
506.44,-114.12,117.8,-0.90644,0,0.42233,0.31775,0.65872,0.682,-0.2782,0.75239,-0.59709
506.54,-113.63,118.39,-0.90644,0,0.42233,0.31775,0.65872,0.682,-0.2782,0.75239,-0.59709
506.64,-113.14,118.98,-0.90644,0,0.42233,0.31775,0.65872,0.682,-0.2782,0.75239,-0.59709
506.73,-112.65,119.58,-0.90644,0,0.42233,0.31775,0.65872,0.682,-0.2782,0.75239,-0.59709
713.96,-100.54,81.671,-0.99932,0,0.036799,0.0302,0.57137,0.82014,-0.021026,0.82069,-0.57098
713.49,-100.38,81.928,-0.99893,0,0.04621,0.039224,0.52869,0.84791,-0.024431,0.84882,-0.52812
713.02,-100.22,82.197,-0.99857,0,0.053435,0.045369,0.52831,0.84784,-0.02823,0.84905,-0.52756
712.54,-100.07,82.465,-0.9984,0,0.056465,0.046391,0.57007,0.82028,-0.032189,0.82159,-0.56916
712.07,-99.91,82.733,-0.9984,0,0.056465,0.046391,0.57007,0.82028,-0.032189,0.82159,-0.56916
711.59,-99.753,83.001,-0.9984,0,0.056465,0.046391,0.57007,0.82028,-0.032189,0.82159,-0.56916
711.12,-99.596,83.269,-0.9984,0,0.056465,0.046391,0.57007,0.82028,-0.032189,0.82159,-0.56916
710.64,-99.439,83.537,-0.9984,0,0.056465,0.046391,0.57007,0.82028,-0.032189,0.82159,-0.56916
710.17,-99.282,83.805,-0.9984,0,0.056465,0.046391,0.57007,0.82028,-0.032189,0.82159,-0.56916
709.69,-99.125,84.073,-0.9984,0,0.056465,0.046391,0.57007,0.82028,-0.032189,0.82159,-0.56916
709.22,-98.968,84.341,-0.9984,0,0.056465,0.046391,0.57007,0.82028,-0.032189,0.82159,-0.56916
708.74,-98.811,84.609,-0.9984,0,0.056465,0.046391,0.57007,0.82028,-0.032189,0.82159,-0.56916
708.27,-98.654,84.876,-0.9984,0,0.056465,0.046391,0.57007,0.82028,-0.032189,0.82159,-0.56916
707.79,-98.497,85.144,-0.9984,0,0.056465,0.046391,0.57007,0.82028,-0.032189,0.82159,-0.56916
707.32,-98.34,85.412,-0.9984,0,0.056465,0.046391,0.57007,0.82028,-0.032189,0.82159,-0.56916
706.84,-98.183,85.68,-0.9984,0,0.056465,0.046391,0.57007,0.82028,-0.032189,0.82159,-0.56916
706.37,-98.026,85.948,-0.9984,0,0.056465,0.046391,0.57007,0.82028,-0.032189,0.82159,-0.56916
705.89,-97.869,86.216,-0.9984,0,0.056465,0.046391,0.57007,0.82028,-0.032189,0.82159,-0.56916
705.42,-97.712,86.484,-0.9984,0,0.056465,0.046391,0.57007,0.82028,-0.032189,0.82159,-0.56916
704.95,-97.555,86.752,-0.9984,0,0.056465,0.046391,0.57007,0.82028,-0.032189,0.82159,-0.56916
704.47,-97.398,87.02,-0.9984,0,0.056465,0.046391,0.57007,0.82028,-0.032189,0.82159,-0.56916
704,-97.241,87.288,-0.9984,0,0.056465,0.046391,0.57007,0.82028,-0.032189,0.82159,-0.56916
703.52,-97.084,87.556,-0.9984,0,0.056465,0.046391,0.57007,0.82028,-0.032189,0.82159,-0.56916
703.05,-96.927,87.824,-0.9984,0,0.056465,0.046391,0.57007,0.82028,-0.032189,0.82159,-0.56916
702.57,-96.77,88.094,-0.99729,0,0.073513,0.062487,0.52677,0.84771,-0.038724,0.85001,-0.52534
702.1,-96.613,88.365,-0.99729,0,0.073513,0.062487,0.52677,0.84771,-0.038724,0.85001,-0.52534
701.62,-96.456,88.635,-0.99729,0,0.073513,0.062487,0.52677,0.84771,-0.038724,0.85001,-0.52534
701.15,-96.299,88.906,-0.99729,0,0.073513,0.062487,0.52677,0.84771,-0.038724,0.85001,-0.52534
700.67,-96.142,89.177,-0.99729,0,0.073513,0.062487,0.52677,0.84771,-0.038724,0.85001,-0.52534
700.2,-95.985,89.45,-0.99729,0,0.073576,0.064265,0.4869,0.87109,-0.035824,0.87346,-0.48558
699.72,-95.828,89.73,-0.99729,0,0.073576,0.064265,0.4869,0.87109,-0.035824,0.87346,-0.48558
699.25,-95.671,90.083,-0.99613,0,0.087894,0.076577,0.49085,0.86787,-0.043143,0.87124,-0.48895
698.77,-95.514,90.387,-0.99607,0,0.088571,0.075564,0.52167,0.8498,-0.046204,0.85315,-0.51962
698.3,-95.357,90.673,-0.99607,0,0.088571,0.075564,0.52167,0.8498,-0.046204,0.85315,-0.51962
697.82,-95.2,90.959,-0.99607,0,0.088571,0.075564,0.52167,0.8498,-0.046204,0.85315,-0.51962
697.35,-95.043,91.245,-0.99607,0,0.088571,0.075564,0.52167,0.8498,-0.046204,0.85315,-0.51962
696.88,-94.886,91.532,-0.99607,0,0.088571,0.075564,0.52167,0.8498,-0.046204,0.85315,-0.51962
696.4,-94.729,91.818,-0.99607,0,0.088571,0.075564,0.52167,0.8498,-0.046204,0.85315,-0.51962
695.93,-94.572,92.104,-0.99749,0,0.070831,0.059291,0.54709,0.83497,-0.03875,0.83708,-0.54571
695.45,-94.415,92.39,-0.99749,0,0.070831,0.059291,0.54709,0.83497,-0.03875,0.83708,-0.54571
694.98,-94.258,92.676,-0.99749,0,0.070831,0.059291,0.54709,0.83497,-0.03875,0.83708,-0.54571
694.5,-94.1,92.962,-0.99749,0,0.070831,0.059291,0.54709,0.83497,-0.03875,0.83708,-0.54571
694.03,-93.943,93.248,-0.99749,0,0.070831,0.059291,0.54709,0.83497,-0.03875,0.83708,-0.54571
693.55,-93.786,93.534,-0.99749,0,0.070831,0.059291,0.54709,0.83497,-0.03875,0.83708,-0.54571
693.08,-93.629,93.82,-0.99749,0,0.070831,0.059291,0.54709,0.83497,-0.03875,0.83708,-0.54571
692.6,-93.472,94.106,-0.99749,0,0.070831,0.059291,0.54709,0.83497,-0.03875,0.83708,-0.54571
692.13,-93.315,94.392,-0.99749,0,0.070831,0.059291,0.54709,0.83497,-0.03875,0.83708,-0.54571
691.65,-93.158,94.679,-0.99749,0,0.070831,0.059291,0.54709,0.83497,-0.03875,0.83708,-0.54571
691.18,-93.001,94.965,-0.99749,0,0.070831,0.059291,0.54709,0.83497,-0.03875,0.83708,-0.54571
690.7,-92.844,95.251,-0.99749,0,0.070831,0.059291,0.54709,0.83497,-0.03875,0.83708,-0.54571
690.23,-92.687,95.537,-0.99749,0,0.070831,0.059291,0.54709,0.83497,-0.03875,0.83708,-0.54571
689.75,-92.53,95.774,-0.99702,0,0.077202,0.061888,0.59781,0.79924,-0.046152,0.80164,-0.59603
689.28,-92.373,96.011,-0.99702,0,0.077202,0.061888,0.59781,0.79924,-0.046152,0.80164,-0.59603
688.81,-92.216,96.248,-0.99702,0,0.077202,0.061888,0.59781,0.79924,-0.046152,0.80164,-0.59603
688.33,-92.059,96.485,-0.99702,0,0.077202,0.061888,0.59781,0.79924,-0.046152,0.80164,-0.59603
687.86,-91.902,96.722,-0.99702,0,0.077202,0.061888,0.59781,0.79924,-0.046152,0.80164,-0.59603
687.38,-91.745,96.958,-0.99702,0,0.077202,0.061888,0.59781,0.79924,-0.046152,0.80164,-0.59603
686.91,-91.588,97.195,-0.99702,0,0.077202,0.061888,0.59781,0.79924,-0.046152,0.80164,-0.59603
686.43,-91.431,97.432,-0.99702,0,0.077202,0.061888,0.59781,0.79924,-0.046152,0.80164,-0.59603
685.96,-91.274,97.669,-0.99702,0,0.077202,0.061888,0.59781,0.79924,-0.046152,0.80164,-0.59603
685.48,-91.117,97.906,-0.99702,0,0.077202,0.061888,0.59781,0.79924,-0.046152,0.80164,-0.59603
685.01,-90.96,98.143,-0.99702,0,0.077202,0.061888,0.59781,0.79924,-0.046152,0.80164,-0.59603
684.53,-90.803,98.379,-0.99702,0,0.077202,0.061888,0.59781,0.79924,-0.046152,0.80164,-0.59603
684.06,-90.646,98.616,-0.99702,0,0.077202,0.061888,0.59781,0.79924,-0.046152,0.80164,-0.59603
683.58,-90.489,98.853,-0.99702,0,0.077202,0.061888,0.59781,0.79924,-0.046152,0.80164,-0.59603
683.11,-90.332,99.09,-0.99702,0,0.077202,0.061888,0.59781,0.79924,-0.046152,0.80164,-0.59603
682.63,-90.175,99.327,-0.99702,0,0.077202,0.061888,0.59781,0.79924,-0.046152,0.80164,-0.59603
682.16,-90.018,99.563,-0.99702,0,0.077202,0.061888,0.59781,0.79924,-0.046152,0.80164,-0.59603
681.69,-89.861,99.8,-0.99808,0,0.061998,0.048548,0.62195,0.78155,-0.03856,0.78306,-0.62075
681.21,-89.704,100.04,-0.99808,0,0.061998,0.048548,0.62195,0.78155,-0.03856,0.78306,-0.62075
680.74,-89.547,100.27,-0.99808,0,0.061998,0.048548,0.62195,0.78155,-0.03856,0.78306,-0.62075
680.26,-89.39,100.51,-0.99808,0,0.061998,0.048548,0.62195,0.78155,-0.03856,0.78306,-0.62075
679.79,-89.233,100.74,-0.99763,0,0.068869,0.05116,0.66945,0.7411,-0.046104,0.74286,-0.66786
679.31,-89.076,100.94,-0.99763,0,0.068869,0.05116,0.66945,0.7411,-0.046104,0.74286,-0.66786
678.84,-88.919,101.14,-0.99763,0,0.068869,0.05116,0.66945,0.7411,-0.046104,0.74286,-0.66786
678.36,-88.762,101.34,-0.99763,0,0.068869,0.05116,0.66945,0.7411,-0.046104,0.74286,-0.66786
677.89,-88.605,101.54,-0.99763,0,0.068869,0.05116,0.66945,0.7411,-0.046104,0.74286,-0.66786
677.41,-88.448,101.73,-0.99763,0,0.068869,0.05116,0.66945,0.7411,-0.046104,0.74286,-0.66786
676.94,-88.291,101.93,-0.99763,0,0.068869,0.05116,0.66945,0.7411,-0.046104,0.74286,-0.66786
676.46,-88.134,102.13,-0.99763,0,0.068869,0.05116,0.66945,0.7411,-0.046104,0.74286,-0.66786
675.99,-87.976,102.33,-0.99763,0,0.068869,0.05116,0.66945,0.7411,-0.046104,0.74286,-0.66786
675.51,-87.819,102.54,-0.99563,0,0.093359,0.067311,0.69294,0.71785,-0.064692,0.721,-0.68991
378.37,-179.01,57.135,-0.99019,0,-0.13973,-0.038796,0.96068,0.27493,0.13423,0.27766,-0.95126
378.73,-178.65,57.274,-0.99019,0,-0.13973,-0.038796,0.96068,0.27493,0.13423,0.27766,-0.95126
379.08,-178.3,57.412,-0.99019,0,-0.13973,-0.038796,0.96068,0.27493,0.13423,0.27766,-0.95126
379.44,-177.95,57.551,-0.99019,0,-0.13973,-0.038796,0.96068,0.27493,0.13423,0.27766,-0.95126
379.79,-177.6,57.69,-0.99019,0,-0.13973,-0.038796,0.96068,0.27493,0.13423,0.27766,-0.95126
380.15,-177.25,57.829,-0.99019,0,-0.13973,-0.038796,0.96068,0.27493,0.13423,0.27766,-0.95126
380.5,-176.89,57.967,-0.99019,0,-0.13973,-0.038796,0.96068,0.27493,0.13423,0.27766,-0.95126
380.86,-176.54,58.106,-0.99019,0,-0.13973,-0.038796,0.96068,0.27493,0.13423,0.27766,-0.95126
381.21,-176.19,58.245,-0.99019,0,-0.13973,-0.038796,0.96068,0.27493,0.13423,0.27766,-0.95126
381.57,-175.84,58.384,-0.99019,0,-0.13973,-0.038796,0.96068,0.27493,0.13423,0.27766,-0.95126
381.92,-175.49,58.565,-0.98889,0,-0.14864,-0.057293,0.92273,0.38116,0.13716,0.38544,-0.91248
382.28,-175.13,58.784,-0.98889,0,-0.14864,-0.057293,0.92273,0.38116,0.13716,0.38544,-0.91248
382.63,-174.78,59.002,-0.98889,0,-0.14864,-0.057293,0.92273,0.38116,0.13716,0.38544,-0.91248
382.99,-174.43,59.22,-0.98889,0,-0.14864,-0.057293,0.92273,0.38116,0.13716,0.38544,-0.91248
383.34,-174.08,59.439,-0.98889,0,-0.14864,-0.057293,0.92273,0.38116,0.13716,0.38544,-0.91248
383.7,-173.73,59.657,-0.98889,0,-0.14864,-0.057293,0.92273,0.38116,0.13716,0.38544,-0.91248
384.05,-173.37,59.875,-0.98889,0,-0.14864,-0.057293,0.92273,0.38116,0.13716,0.38544,-0.91248
384.41,-173.02,60.094,-0.98889,0,-0.14864,-0.057293,0.92273,0.38116,0.13716,0.38544,-0.91248
384.77,-172.67,60.312,-0.98889,0,-0.14864,-0.057293,0.92273,0.38116,0.13716,0.38544,-0.91248
385.12,-172.32,60.53,-0.98889,0,-0.14864,-0.057293,0.92273,0.38116,0.13716,0.38544,-0.91248
385.48,-171.97,60.749,-0.98889,0,-0.14864,-0.057293,0.92273,0.38116,0.13716,0.38544,-0.91248
385.83,-171.62,60.967,-0.98889,0,-0.14864,-0.057293,0.92273,0.38116,0.13716,0.38544,-0.91248
386.19,-171.26,61.179,-0.99096,0,-0.13414,-0.058924,0.89836,0.43529,0.12051,0.43926,-0.89024
386.54,-170.91,61.385,-0.99096,0,-0.13414,-0.058924,0.89836,0.43529,0.12051,0.43926,-0.89024
386.9,-170.56,61.591,-0.99096,0,-0.13414,-0.058924,0.89836,0.43529,0.12051,0.43926,-0.89024
387.25,-170.21,61.796,-0.99096,0,-0.13414,-0.058924,0.89836,0.43529,0.12051,0.43926,-0.89024
387.61,-169.86,62.002,-0.99096,0,-0.13414,-0.058924,0.89836,0.43529,0.12051,0.43926,-0.89024
387.96,-169.5,62.208,-0.99096,0,-0.13414,-0.058924,0.89836,0.43529,0.12051,0.43926,-0.89024
388.32,-169.15,62.414,-0.99096,0,-0.13414,-0.058924,0.89836,0.43529,0.12051,0.43926,-0.89024
388.67,-168.8,62.62,-0.99096,0,-0.13414,-0.058924,0.89836,0.43529,0.12051,0.43926,-0.89024
389.03,-168.45,62.826,-0.99096,0,-0.13414,-0.058924,0.89836,0.43529,0.12051,0.43926,-0.89024
389.38,-168.1,63.032,-0.99096,0,-0.13414,-0.058924,0.89836,0.43529,0.12051,0.43926,-0.89024
389.74,-167.74,63.238,-0.99096,0,-0.13414,-0.058924,0.89836,0.43529,0.12051,0.43926,-0.89024
390.09,-167.39,63.444,-0.99096,0,-0.13414,-0.058924,0.89836,0.43529,0.12051,0.43926,-0.89024
390.45,-167.04,63.72,-0.99033,0,-0.13871,-0.074844,0.84193,0.53436,0.11678,0.53958,-0.8338
390.8,-166.69,64.017,-0.99033,0,-0.13871,-0.074844,0.84193,0.53436,0.11678,0.53958,-0.8338
391.16,-166.34,64.314,-0.99033,0,-0.13871,-0.074844,0.84193,0.53436,0.11678,0.53958,-0.8338
391.51,-165.98,64.611,-0.99033,0,-0.13871,-0.074844,0.84193,0.53436,0.11678,0.53958,-0.8338
391.87,-165.63,64.907,-0.99033,0,-0.13871,-0.074844,0.84193,0.53436,0.11678,0.53958,-0.8338
392.22,-165.28,65.204,-0.99033,0,-0.13871,-0.074844,0.84193,0.53436,0.11678,0.53958,-0.8338
392.58,-164.93,65.501,-0.99033,0,-0.13871,-0.074844,0.84193,0.53436,0.11678,0.53958,-0.8338
392.93,-164.58,65.797,-0.99033,0,-0.13871,-0.074844,0.84193,0.53436,0.11678,0.53958,-0.8338
393.29,-164.22,66.094,-0.99033,0,-0.13871,-0.074844,0.84193,0.53436,0.11678,0.53958,-0.8338
393.64,-163.87,66.391,-0.99033,0,-0.13871,-0.074844,0.84193,0.53436,0.11678,0.53958,-0.8338
394,-163.52,66.687,-0.99033,0,-0.13871,-0.074844,0.84193,0.53436,0.11678,0.53958,-0.8338
394.35,-163.17,66.984,-0.99033,0,-0.13871,-0.074844,0.84193,0.53436,0.11678,0.53958,-0.8338
394.71,-162.82,67.281,-0.99033,0,-0.13871,-0.074844,0.84193,0.53436,0.11678,0.53958,-0.8338
395.06,-162.46,67.577,-0.99033,0,-0.13871,-0.074844,0.84193,0.53436,0.11678,0.53958,-0.8338
395.42,-162.11,67.874,-0.99033,0,-0.13871,-0.074844,0.84193,0.53436,0.11678,0.53958,-0.8338
395.77,-161.76,68.17,-0.99295,0,-0.11855,-0.069781,0.8084,0.58448,0.095835,0.58863,-0.8027
396.13,-161.41,68.452,-0.99295,0,-0.11855,-0.069781,0.8084,0.58448,0.095835,0.58863,-0.8027
396.48,-161.06,68.733,-0.99295,0,-0.11855,-0.069781,0.8084,0.58448,0.095835,0.58863,-0.8027
396.84,-160.7,69.015,-0.99295,0,-0.11855,-0.069781,0.8084,0.58448,0.095835,0.58863,-0.8027
397.19,-160.35,69.296,-0.99295,0,-0.11855,-0.069781,0.8084,0.58448,0.095835,0.58863,-0.8027
397.55,-160,69.578,-0.99295,0,-0.11855,-0.069781,0.8084,0.58448,0.095835,0.58863,-0.8027
397.9,-159.65,69.86,-0.99295,0,-0.11855,-0.069781,0.8084,0.58448,0.095835,0.58863,-0.8027
398.26,-159.3,70.211,-0.99301,0,-0.11806,-0.080041,0.73511,0.6732,0.086791,0.67795,-0.72997
398.61,-158.94,70.604,-0.99301,0,-0.11806,-0.080041,0.73511,0.6732,0.086791,0.67795,-0.72997
398.97,-158.59,70.997,-0.99301,0,-0.11806,-0.080041,0.73511,0.6732,0.086791,0.67795,-0.72997
399.32,-158.24,71.391,-0.99301,0,-0.11806,-0.080041,0.73511,0.6732,0.086791,0.67795,-0.72997
399.68,-157.89,71.784,-0.99301,0,-0.11806,-0.080041,0.73511,0.6732,0.086791,0.67795,-0.72997
400.03,-157.54,72.178,-0.99301,0,-0.11806,-0.080041,0.73511,0.6732,0.086791,0.67795,-0.72997
400.39,-157.18,72.571,-0.99301,0,-0.11806,-0.080041,0.73511,0.6732,0.086791,0.67795,-0.72997
400.75,-156.83,72.964,-0.99301,0,-0.11806,-0.080041,0.73511,0.6732,0.086791,0.67795,-0.72997
401.1,-156.48,73.358,-0.99301,0,-0.11806,-0.080041,0.73511,0.6732,0.086791,0.67795,-0.72997
401.46,-156.13,73.751,-0.99301,0,-0.11806,-0.080041,0.73511,0.6732,0.086791,0.67795,-0.72997
401.81,-155.78,74.144,-0.99301,0,-0.11806,-0.080041,0.73511,0.6732,0.086791,0.67795,-0.72997
402.17,-155.42,74.538,-0.99301,0,-0.11806,-0.080041,0.73511,0.6732,0.086791,0.67795,-0.72997
402.52,-155.07,74.931,-0.99301,0,-0.11806,-0.080041,0.73511,0.6732,0.086791,0.67795,-0.72997
402.88,-154.72,75.325,-0.99301,0,-0.11806,-0.080041,0.73511,0.6732,0.086791,0.67795,-0.72997
403.23,-154.37,75.718,-0.99301,0,-0.11806,-0.080041,0.73511,0.6732,0.086791,0.67795,-0.72997
403.59,-154.02,76.111,-0.99301,0,-0.11806,-0.080041,0.73511,0.6732,0.086791,0.67795,-0.72997
403.94,-153.66,76.505,-0.99301,0,-0.11806,-0.080041,0.73511,0.6732,0.086791,0.67795,-0.72997
404.3,-153.31,76.898,-0.99301,0,-0.11806,-0.080041,0.73511,0.6732,0.086791,0.67795,-0.72997
404.65,-152.96,77.291,-0.99301,0,-0.11806,-0.080041,0.73511,0.6732,0.086791,0.67795,-0.72997
405.01,-152.61,77.684,-0.99591,0,-0.090369,-0.06509,0.69369,0.71732,0.062688,0.72027,-0.69086
405.36,-152.26,78.198,-0.99383,0,-0.11095,-0.091946,0.55965,0.82361,0.062092,0.82873,-0.55619
405.72,-151.9,78.725,-0.99383,0,-0.11095,-0.091946,0.55965,0.82361,0.062092,0.82873,-0.55619
406.07,-151.55,79.252,-0.99383,0,-0.11095,-0.091946,0.55965,0.82361,0.062092,0.82873,-0.55619
406.43,-151.2,79.78,-0.99383,0,-0.11095,-0.091946,0.55965,0.82361,0.062092,0.82873,-0.55619
406.78,-150.85,80.307,-0.99383,0,-0.11095,-0.091946,0.55965,0.82361,0.062092,0.82873,-0.55619
407.14,-150.5,80.834,-0.99383,0,-0.11095,-0.091946,0.55965,0.82361,0.062092,0.82873,-0.55619
465.95,-260.28,57.538,-1,0,-0.0023727,6.0973e-06,1,-0.0025697,0.0023727,-0.0025697,-0.99999
466.07,-259.79,57.537,-1,0,-0.0023727,6.0973e-06,1,-0.0025697,0.0023727,-0.0025697,-0.99999
466.19,-259.31,57.536,-1,0,-0.0023727,6.0973e-06,1,-0.0025697,0.0023727,-0.0025697,-0.99999
466.31,-258.82,57.535,-1,0,-0.0023727,6.0973e-06,1,-0.0025697,0.0023727,-0.0025697,-0.99999
466.43,-258.34,57.534,-1,0,-0.0023727,6.0973e-06,1,-0.0025697,0.0023727,-0.0025697,-0.99999
466.55,-257.85,57.533,-1,0,-0.0023727,6.0973e-06,1,-0.0025697,0.0023727,-0.0025697,-0.99999
466.68,-257.37,57.532,-1,0,-0.0023727,6.0973e-06,1,-0.0025697,0.0023727,-0.0025697,-0.99999
466.8,-256.88,57.531,-1,0,-0.0023727,6.0973e-06,1,-0.0025697,0.0023727,-0.0025697,-0.99999
466.92,-256.4,57.53,-1,0,-0.0023727,6.0973e-06,1,-0.0025697,0.0023727,-0.0025697,-0.99999
467.04,-255.91,57.529,-1,0,-0.0023727,6.0973e-06,1,-0.0025697,0.0023727,-0.0025697,-0.99999
467.16,-255.43,57.528,-1,0,-0.0023727,6.0973e-06,1,-0.0025697,0.0023727,-0.0025697,-0.99999
467.28,-254.94,57.527,-1,0,-0.0023727,6.0973e-06,1,-0.0025697,0.0023727,-0.0025697,-0.99999
467.4,-254.46,57.526,-1,0,-0.0023727,6.0973e-06,1,-0.0025697,0.0023727,-0.0025697,-0.99999
467.52,-253.97,57.525,-1,0,-0.0023727,6.0973e-06,1,-0.0025697,0.0023727,-0.0025697,-0.99999
467.64,-253.49,57.524,-1,0,-0.0023727,6.0973e-06,1,-0.0025697,0.0023727,-0.0025697,-0.99999
467.77,-253,57.523,-1,0,-0.0023727,6.0973e-06,1,-0.0025697,0.0023727,-0.0025697,-0.99999
467.89,-252.52,57.522,-1,0,-0.0023727,6.0973e-06,1,-0.0025697,0.0023727,-0.0025697,-0.99999
468.01,-252.03,57.522,-1,0,-0.0023727,6.0973e-06,1,-0.0025697,0.0023727,-0.0025697,-0.99999
468.13,-251.55,57.521,-1,0,-0.0023727,6.0973e-06,1,-0.0025697,0.0023727,-0.0025697,-0.99999
468.25,-251.06,57.52,-1,0,-0.0023727,6.0973e-06,1,-0.0025697,0.0023727,-0.0025697,-0.99999
468.37,-250.58,57.519,-1,0,-0.0023727,6.0973e-06,1,-0.0025697,0.0023727,-0.0025697,-0.99999
468.49,-250.09,57.518,-1,0,-0.0023727,6.0973e-06,1,-0.0025697,0.0023727,-0.0025697,-0.99999
468.61,-249.6,57.517,-1,0,-0.0023727,6.0973e-06,1,-0.0025697,0.0023727,-0.0025697,-0.99999
468.73,-249.12,57.516,-1,0,-0.0023727,6.0973e-06,1,-0.0025697,0.0023727,-0.0025697,-0.99999
468.86,-248.63,57.515,-1,0,-0.0023727,6.0973e-06,1,-0.0025697,0.0023727,-0.0025697,-0.99999
